5 67 88 57 27 89 13 76 65 48 41 19 46 86 49 48 71 69 32 66 92 57 32 53 75 6 80 22 76 54 19 15 59 87 72 56 97 51 55 4 84 6 43 97 90 95 62 96 35 31 23 82 99 17 5 38 64 57 77 96 66 42 11 7 4 11 58 56 62 37 20 81 21 3 82 19 17 57 18 84 16 70 8 34 21 22 32 6 10 21 51 82 70 1 94 8 23 16 62 56 
53 52 66 37 21 49 36 81 55 39 8 9 88 89 63 46 9 71 2 47 19 60 40 64 8 93 20 68 48 93 48 40 82 55 43 22 11 95 64 60 10 93 9 46 11 68 9 27 71 12 18 68 9 57 28 15 81 29 51 89 28 18 97 41 81 18 46 99 3 13 10 86 12 91 43 23 23 11 21 67 27 45 68 89 19 37 17 54 72 70 41 23 30 83 76 74 62 66 87 17 
25 28 71 5 68 86 88 80 50 35 19 76 50 51 24 51 66 18 93 85 49 26 21 4 33 65 97 7 26 37 63 38 58 7 22 12 38 12 67 82 99 7 79 78 31 61 7 76 56 26 91 28 32 27 43 86 8 23 93 20 48 57 52 44 60 6 55 20 67 55 24 36 27 11 90 79 38 59 52 70 8 44 63 55 54 49 7 68 0 97 78 50 96 66 84 66 45 65 18 55 
46 55 16 2 8 79 91 41 95 9 83 57 58 65 13 87 34 54 30 70 43 16 18 44 83 86 7 85 41 4 36 99 51 26 86 25 68 32 6 67 43 60 4 75 26 7 26 59 4 52 11 61 20 86 61 2 4 59 47 31 58 96 19 47 42 42 58 63 78 68 75 53 33 11 68 46 17 29 5 60 85 6 34 92 95 1 69 8 7 8 86 54 94 28 29 44 96 86 40 94 
99 73 87 3 41 10 14 77 50 79 66 92 43 92 0 99 53 5 60 27 24 73 19 81 24 4 10 84 4 62 93 13 1 47 49 46 19 21 62 56 61 21 81 45 96 38 91 98 92 20 65 10 99 78 58 97 12 81 88 81 78 91 24 61 46 72 49 53 8 97 16 23 70 68 67 86 79 57 9 26 26 24 64 89 65 96 68 64 35 30 9 30 42 8 25 33 5 86 63 16 
31 65 33 35 82 15 95 71 45 76 38 1 58 8 90 48 69 86 92 96 56 39 64 44 40 97 4 36 70 36 12 12 24 77 48 63 48 78 81 37 25 71 8 26 1 84 89 52 7 52 62 92 19 44 33 17 33 30 54 1 82 59 71 63 43 29 49 63 72 17 97 70 7 38 73 50 54 40 95 19 60 87 22 33 52 37 9 95 28 60 49 69 32 37 28 11 61 6 8 76 
42 81 60 76 55 22 64 42 1 89 88 47 59 30 68 81 67 87 3 42 86 53 15 2 92 72 23 16 1 70 14 89 27 65 41 7 57 82 65 91 74 22 66 20 48 36 81 86 93 17 7 68 49 67 28 7 22 47 13 16 99 72 34 10 14 49 56 1 14 98 44 60 21 47 11 4 95 84 24 11 9 31 33 35 11 2 10 80 63 62 4 5 79 77 92 27 39 97 10 12 
9 30 50 6 43 93 22 49 76 91 41 5 8 50 10 89 47 76 7 29 70 70 87 90 14 67 92 12 22 90 85 43 10 91 18 59 55 30 11 22 92 3 29 30 68 81 12 61 85 27 42 83 19 38 99 95 23 72 55 22 68 55 55 14 69 72 96 41 89 56 78 72 22 7 35 68 19 44 2 60 66 42 24 85 34 82 34 96 14 42 52 96 28 8 35 98 87 53 21 51 
62 10 72 97 30 11 19 50 40 43 57 16 85 89 43 27 56 2 94 50 75 77 3 90 6 77 62 14 83 63 39 77 4 53 56 15 29 72 97 25 23 34 2 8 82 21 77 85 8 19 5 0 11 91 80 77 23 75 54 98 89 76 52 52 1 60 78 93 50 96 61 87 49 90 18 32 53 41 49 56 98 63 39 34 45 82 4 12 81 1 49 6 26 90 11 63 17 54 39 79 
5 9 96 54 44 30 96 32 39 69 3 15 50 21 86 65 81 33 46 35 2 99 31 6 60 48 49 10 34 50 18 74 94 82 93 89 90 26 48 73 67 73 96 22 73 26 20 79 75 77 94 34 53 33 2 55 41 79 17 45 18 1 79 61 61 40 0 73 79 35 35 98 45 74 71 86 89 27 96 54 32 60 84 17 91 16 48 88 40 25 79 36 52 21 38 72 39 90 14 68 
89 60 32 35 1 6 52 1 41 61 55 14 43 48 73 5 82 79 4 93 74 16 55 36 68 65 59 91 75 88 78 24 50 89 35 32 11 91 47 45 18 11 19 33 44 24 64 5 48 34 90 7 10 63 77 80 82 45 59 83 97 42 92 72 73 94 88 18 68 65 17 77 61 78 62 37 91 21 45 5 60 45 74 17 31 27 62 21 95 85 1 67 22 8 32 92 86 63 84 36 
47 78 69 74 95 44 39 65 25 17 53 78 3 25 9 59 8 51 45 89 86 94 33 39 77 27 63 17 2 69 33 50 77 36 27 31 27 11 59 77 65 82 42 47 47 37 98 89 58 30 6 42 23 99 20 51 78 90 95 58 80 99 98 72 64 58 67 87 82 98 76 81 51 95 50 51 46 61 57 44 15 43 49 11 55 76 44 36 21 69 26 47 68 25 88 31 70 44 50 73 
66 69 64 34 71 88 0 13 72 93 58 42 30 51 23 16 48 82 35 77 54 89 4 32 26 68 96 38 70 83 14 98 5 45 14 79 98 78 61 38 7 14 86 89 71 64 27 58 16 27 77 6 74 56 87 46 98 99 35 89 24 78 53 88 38 25 31 72 55 28 87 84 57 87 8 73 90 77 45 24 95 37 0 7 60 28 25 0 81 42 96 96 9 45 43 54 90 93 37 22 
46 22 52 54 77 24 12 96 56 34 46 46 31 87 18 13 76 45 45 26 86 65 60 56 16 24 74 88 67 49 74 87 59 92 39 40 67 89 67 12 84 63 76 12 90 38 30 38 39 29 27 4 42 92 85 80 57 99 56 34 63 46 97 41 35 19 57 79 47 63 23 60 10 77 73 55 23 97 16 52 76 22 68 35 59 60 81 64 56 7 12 21 49 15 15 44 61 34 24 61 
58 41 50 24 19 35 85 61 94 24 77 3 67 15 46 30 99 92 11 52 58 67 87 56 85 76 14 34 9 21 46 92 15 3 35 77 77 81 78 32 87 27 59 57 44 12 91 53 9 92 51 9 21 16 3 67 76 61 36 73 35 44 10 96 58 13 79 5 38 11 70 20 67 66 60 64 87 74 51 20 81 49 62 10 56 72 38 98 49 23 4 32 12 20 21 43 71 84 0 46 
69 70 28 59 17 50 63 23 61 3 84 96 96 34 87 87 20 73 15 74 76 60 90 71 27 12 97 59 27 79 36 88 87 17 68 67 69 38 65 19 77 61 40 60 81 67 54 52 58 70 10 74 81 26 87 30 20 36 80 79 77 78 70 33 27 64 58 15 72 38 81 50 35 19 46 76 80 88 7 66 63 99 16 90 73 53 30 2 11 24 89 95 25 77 7 35 40 7 15 19 
93 10 75 66 80 34 50 60 57 85 6 40 10 49 8 67 43 23 79 62 9 93 29 80 91 89 30 65 29 55 38 48 11 31 63 66 43 81 81 9 88 63 96 6 60 87 42 95 63 74 6 66 33 74 86 88 12 13 10 43 75 3 11 89 97 92 9 34 72 48 18 70 70 9 36 41 55 65 94 88 25 89 0 23 23 47 66 25 7 93 98 42 16 63 67 74 96 1 62 3 
95 11 89 7 46 64 39 7 21 55 93 37 70 0 36 91 67 12 24 83 48 25 63 13 35 96 24 55 10 87 85 56 28 58 74 36 12 46 31 50 1 41 42 87 89 60 2 44 6 86 29 32 19 26 59 60 0 44 48 37 86 88 62 25 68 98 37 86 81 29 22 65 55 60 37 97 22 36 38 10 59 32 3 62 25 55 53 71 63 5 91 3 24 66 90 94 94 54 23 72 
80 0 39 65 60 99 50 43 61 44 1 91 66 66 84 12 85 60 97 82 57 22 83 21 41 97 16 96 70 98 63 26 21 31 94 44 7 26 10 53 79 52 98 17 15 52 59 38 71 5 27 50 69 24 10 75 99 71 72 14 45 91 33 60 64 11 48 16 8 94 55 3 66 45 17 27 47 43 1 81 68 71 64 10 31 85 39 69 52 66 6 80 13 35 66 39 22 10 76 76 
19 74 79 22 1 90 66 45 49 65 60 59 78 85 75 14 96 3 86 88 63 73 50 78 24 24 73 46 57 50 74 37 21 50 58 17 1 71 2 47 93 5 78 50 23 95 12 3 30 89 51 67 49 36 53 41 74 98 50 9 47 71 18 25 68 26 14 16 79 20 96 58 67 92 42 73 6 97 11 28 19 36 19 91 41 11 78 52 9 11 9 44 88 91 36 54 74 23 93 63 
24 58 72 53 80 75 89 37 48 4 93 61 98 23 89 26 23 43 41 43 95 73 46 16 22 52 5 87 31 39 50 51 75 83 70 20 83 87 6 61 83 15 57 22 52 9 77 94 27 91 39 98 43 39 42 4 47 73 20 69 81 32 62 91 61 13 15 72 84 43 96 53 1 6 91 48 79 41 20 94 1 63 54 18 85 17 60 72 74 26 90 94 50 2 87 7 84 84 10 95 
3 76 18 69 69 77 96 25 1 12 96 46 46 52 84 49 2 32 44 36 63 68 9 8 81 3 67 80 70 10 79 35 49 64 5 13 8 73 90 59 50 68 43 19 45 0 13 93 88 54 91 93 95 1 23 42 3 37 61 32 62 61 30 48 41 77 15 78 88 57 79 38 44 36 44 64 94 33 67 2 61 77 80 90 29 47 23 73 54 23 9 9 49 20 52 8 51 94 82 99 
63 9 78 28 53 92 64 81 78 26 32 70 49 72 75 59 45 14 89 64 64 65 72 38 5 88 84 41 35 16 65 68 68 93 92 55 92 32 22 90 95 40 71 19 66 32 20 80 71 52 46 58 8 16 57 96 88 15 50 54 34 89 97 58 92 22 3 18 97 69 50 28 95 82 32 12 42 28 12 18 51 3 73 22 46 11 24 41 5 3 22 39 67 47 36 56 38 59 85 41 
52 94 64 9 78 11 48 66 92 84 97 20 82 86 30 97 87 70 45 19 80 35 93 4 74 37 17 70 89 16 53 93 94 87 0 39 90 38 65 47 44 8 5 50 7 41 93 81 58 29 49 22 22 79 65 6 43 60 96 20 20 57 44 61 38 8 7 34 33 20 49 73 15 56 48 56 22 57 58 17 67 41 43 60 54 52 97 88 47 62 77 14 48 63 45 49 52 70 84 96 
22 67 47 75 67 37 56 3 72 36 2 37 42 8 51 27 16 89 62 74 9 9 81 41 43 97 55 45 56 32 51 11 89 38 60 37 46 6 7 70 52 68 84 85 92 16 49 98 0 38 50 5 65 84 79 40 60 71 29 85 83 6 5 14 50 9 99 60 52 3 32 57 6 25 17 22 75 5 98 69 47 3 99 71 71 51 91 67 67 49 68 90 52 52 64 89 38 72 32 91 
95 53 75 76 30 61 59 63 69 89 68 16 48 33 68 50 36 27 57 63 52 44 58 31 95 83 62 73 36 36 71 98 9 62 1 60 69 14 56 68 2 74 89 32 75 62 94 98 11 43 62 47 52 19 2 28 1 94 82 49 8 60 48 29 73 88 20 88 17 7 67 49 12 11 1 60 88 9 2 89 36 47 13 27 86 22 84 18 0 93 25 53 39 20 80 53 83 71 98 92 
20 76 4 3 97 4 62 28 60 39 65 49 67 39 62 59 90 13 40 56 78 45 74 69 91 9 30 85 20 33 79 52 6 78 28 41 96 74 14 44 82 37 38 85 77 0 49 47 52 9 91 10 39 56 28 2 50 33 46 57 14 16 93 1 53 15 14 27 37 88 84 5 62 4 98 89 53 61 59 84 9 5 4 36 97 92 6 66 16 22 61 53 47 11 86 17 91 13 58 37 
97 66 45 50 56 91 95 69 67 6 99 73 80 13 31 38 90 96 73 68 67 15 54 74 83 22 53 35 63 40 36 68 35 76 23 43 73 99 75 50 75 99 89 70 1 97 8 69 33 29 15 21 5 41 25 67 0 9 74 32 97 18 76 99 59 75 60 25 35 10 25 7 18 57 65 84 60 38 56 32 62 1 95 62 45 7 22 0 96 45 46 74 74 21 55 26 29 61 47 90 
21 94 18 96 47 43 52 65 94 31 74 84 93 74 33 12 87 5 41 89 86 85 79 7 53 0 68 25 58 24 28 48 16 66 44 26 38 73 17 59 22 24 50 91 31 27 29 2 47 11 67 35 98 5 39 98 14 63 24 29 1 32 92 26 98 62 9 55 43 79 16 18 80 45 85 43 91 53 32 21 90 17 95 84 49 94 38 60 17 31 17 81 70 3 50 69 89 99 4 93 
3 78 53 48 56 43 97 11 9 63 9 35 99 0 41 6 33 27 70 23 74 6 93 77 57 75 26 67 31 44 2 96 73 33 17 39 19 45 92 79 1 84 44 30 38 19 38 49 32 92 49 1 82 14 43 29 39 67 28 66 48 13 57 38 25 28 11 30 24 67 85 56 4 31 38 73 60 14 96 79 10 97 38 60 16 91 79 34 74 15 17 26 14 42 79 45 47 59 23 77 
39 37 81 24 1 61 5 84 28 81 85 14 45 66 49 48 9 91 30 35 8 40 32 89 87 48 23 24 80 43 57 21 85 36 62 89 60 88 15 64 89 93 53 53 71 40 79 27 67 88 71 28 65 9 33 49 6 98 94 67 11 78 70 48 64 27 2 7 34 71 84 32 14 77 26 13 99 42 7 79 56 1 30 93 87 42 60 17 32 44 50 82 44 15 29 32 98 22 17 44 
21 54 10 56 16 41 58 24 93 12 29 35 87 2 51 59 36 75 74 85 35 50 65 62 3 15 90 97 90 85 9 90 7 1 47 88 61 46 44 72 2 7 89 44 52 48 27 37 87 28 49 97 41 5 26 78 93 64 25 81 25 97 64 16 95 21 26 96 32 98 32 88 88 33 19 0 0 41 36 91 32 38 11 14 25 71 41 58 37 24 87 6 41 21 85 74 2 9 31 65 
93 59 23 24 65 48 32 53 89 39 40 98 16 24 68 79 12 2 35 75 39 13 15 79 24 1 24 37 95 9 62 98 97 5 95 45 97 28 55 34 34 78 15 52 30 55 78 84 72 66 11 19 87 63 29 88 45 69 49 56 58 17 36 80 38 58 14 34 98 59 36 24 28 12 87 3 18 17 83 41 67 45 61 68 90 20 33 42 57 6 81 3 27 42 88 77 2 96 95 23 
98 83 36 53 16 83 2 10 72 80 42 75 68 41 89 46 99 18 84 59 62 7 19 98 86 47 66 43 88 46 71 64 44 59 70 3 27 42 87 86 37 63 64 65 67 5 56 91 22 4 49 81 82 84 19 45 36 76 71 45 45 48 21 22 0 23 66 37 72 61 18 93 36 2 7 3 5 69 97 65 47 47 52 32 52 69 13 65 96 21 53 3 72 62 77 80 79 3 68 4 
47 65 24 77 81 50 45 66 73 86 72 75 47 57 29 14 93 7 90 61 66 31 46 86 17 65 87 38 79 4 76 34 97 89 48 65 64 10 5 12 79 55 17 77 77 36 37 53 8 97 85 53 30 97 33 9 12 80 83 12 14 49 67 41 49 21 50 6 61 2 95 55 11 28 93 47 41 99 11 20 16 15 14 82 93 31 15 44 9 51 14 35 80 46 4 56 15 1 74 58 
33 94 40 18 14 5 3 10 95 79 39 3 56 61 81 31 2 62 75 7 5 39 43 57 91 52 0 28 23 49 49 71 55 6 15 82 75 3 39 41 80 54 25 78 45 48 7 4 93 0 81 35 51 82 18 45 45 74 17 19 54 38 17 36 20 43 12 69 70 25 5 64 15 94 26 66 89 3 59 57 51 39 13 10 11 42 40 80 21 68 69 79 66 23 72 2 38 88 7 93 
23 51 26 20 40 78 45 38 7 42 89 27 10 90 75 38 34 62 88 95 51 74 83 3 5 40 94 63 35 46 57 46 43 85 41 67 43 38 34 18 35 94 66 64 88 50 16 35 54 99 93 43 48 84 75 76 35 46 41 65 86 67 5 70 17 44 74 47 65 91 2 47 93 5 76 78 20 93 3 35 85 95 38 87 74 71 38 56 98 12 91 35 19 57 43 95 89 94 97 52 
93 68 99 12 18 73 89 85 23 17 84 60 63 12 20 80 79 58 86 97 92 26 71 22 11 67 11 28 15 21 67 56 99 85 31 85 65 9 56 91 0 97 64 41 66 58 21 84 59 53 49 26 92 60 57 85 85 33 70 29 4 57 23 49 71 38 53 90 34 46 46 82 66 30 21 66 96 23 72 85 92 13 7 92 94 34 46 71 53 44 94 10 78 20 57 74 50 80 2 31 
81 94 78 61 60 59 25 36 68 85 89 14 80 76 86 25 79 89 81 75 75 98 41 32 47 12 5 55 23 6 32 1 43 51 87 84 95 11 59 2 14 35 69 24 98 68 68 7 38 44 54 10 92 18 55 2 67 16 28 0 30 0 81 3 71 64 28 88 9 33 92 0 50 17 26 45 14 97 16 1 19 71 77 38 30 73 58 48 12 33 29 34 91 58 72 61 69 62 66 92 
85 50 3 14 9 55 26 27 73 17 74 24 82 27 79 69 36 80 28 14 40 45 0 32 47 33 6 80 57 91 23 68 91 76 95 81 74 94 85 5 5 2 7 2 39 47 66 2 31 12 56 61 58 90 45 18 85 20 73 83 40 17 34 68 11 2 19 84 77 57 65 59 92 11 25 21 51 55 36 46 60 20 83 96 91 83 89 33 45 35 43 42 37 83 83 96 82 8 72 27 
99 20 16 58 98 16 94 76 65 55 33 99 84 40 35 15 45 24 71 35 15 10 71 13 16 22 6 9 87 22 8 58 74 44 69 17 1 41 58 16 41 35 15 4 78 25 86 95 78 98 15 34 68 62 94 68 33 44 92 74 26 21 58 49 52 3 4 36 67 27 79 3 92 0 28 93 35 78 63 94 33 40 93 54 91 22 66 32 57 83 72 79 20 0 6 17 65 23 21 31 
75 97 71 87 45 5 31 42 97 19 74 90 99 66 62 33 92 70 93 76 75 14 34 97 99 3 52 65 59 47 69 3 89 91 97 63 12 22 68 48 26 16 44 10 82 44 28 33 23 74 62 56 23 38 46 79 85 90 81 10 4 0 11 67 90 34 1 47 21 72 36 90 29 90 48 31 8 91 82 61 93 15 78 45 22 65 29 29 45 42 24 54 15 25 27 55 40 97 48 72 
17 94 42 28 66 75 78 12 84 41 29 73 21 92 59 65 6 61 50 35 96 18 1 83 88 13 86 19 89 40 17 81 62 8 82 10 14 93 42 96 2 13 58 13 47 85 47 22 65 37 61 33 73 62 77 64 43 75 99 92 33 67 36 42 2 86 32 65 0 80 33 78 35 72 46 38 27 94 93 40 34 90 99 12 27 2 34 49 77 36 66 20 50 38 85 99 65 84 21 36 
32 86 26 67 74 35 12 23 66 36 70 89 34 34 14 43 93 51 42 7 5 38 67 42 74 58 60 21 93 39 23 55 2 17 45 25 59 7 65 24 18 73 64 59 67 31 12 11 56 68 17 57 95 40 34 35 84 18 42 51 52 74 36 98 23 24 66 59 82 67 27 86 58 24 81 25 87 96 8 86 82 65 25 67 96 18 84 36 8 58 58 57 17 25 68 62 85 43 82 65 
84 20 4 63 39 18 8 7 97 90 75 58 58 71 16 21 39 64 12 26 31 35 88 83 52 49 13 26 98 95 31 51 56 12 87 33 35 4 82 78 18 95 95 62 16 28 57 56 39 55 34 72 79 55 29 30 34 17 17 50 58 15 43 46 70 49 49 52 32 15 25 28 84 73 38 86 76 98 32 54 99 82 15 59 2 44 60 77 58 17 39 82 3 55 58 25 18 10 44 62 
5 66 75 95 85 3 23 35 39 60 41 53 96 21 69 49 96 74 9 88 36 53 55 51 95 19 66 16 9 99 82 89 7 90 20 71 88 18 55 59 56 7 69 5 68 65 62 96 75 35 24 11 96 81 62 68 77 28 45 95 98 33 50 72 44 33 62 58 50 28 49 0 27 17 47 76 94 88 42 63 69 69 65 11 50 6 3 29 10 80 18 55 61 79 57 3 6 29 91 82 
38 31 40 42 5 52 27 20 42 52 39 35 25 31 49 35 27 15 70 78 0 33 30 75 54 21 57 90 64 93 9 14 39 6 19 23 56 23 42 4 93 96 3 78 7 29 67 47 70 48 75 12 9 87 35 11 54 59 92 58 7 90 7 10 24 18 83 97 34 91 74 80 45 49 97 74 95 87 3 95 76 26 79 78 80 96 79 44 47 78 49 50 41 34 54 11 78 45 54 35 
38 99 25 17 16 86 37 58 54 78 50 44 55 52 24 68 5 62 17 32 80 45 5 54 20 27 4 35 7 85 99 89 53 10 46 34 5 63 88 10 63 25 55 73 37 50 40 63 61 4 61 85 38 44 78 15 51 48 95 60 62 17 6 32 13 35 2 31 61 92 28 67 54 36 14 82 33 56 71 25 7 26 0 30 98 43 46 87 87 30 50 6 47 38 7 83 72 67 44 60 
15 97 27 8 72 68 39 83 71 94 75 32 19 81 45 44 17 91 96 80 70 55 38 11 14 26 91 46 62 52 72 58 19 23 65 69 16 28 27 41 96 1 98 47 57 4 52 22 70 90 69 54 86 21 13 1 36 47 93 9 33 85 70 7 69 93 36 98 98 72 24 71 2 64 99 83 30 47 65 3 14 58 87 47 42 11 14 79 32 80 97 40 23 74 70 46 81 51 94 28 
50 40 92 69 3 23 22 34 32 82 41 18 55 63 24 53 27 89 61 69 70 22 39 96 15 83 57 56 24 21 66 10 84 24 11 51 59 67 64 46 5 93 23 8 19 19 35 11 11 72 58 75 38 83 40 80 77 89 98 74 45 48 36 76 65 97 43 14 48 31 32 14 77 17 35 35 13 64 96 13 84 91 62 22 73 97 99 44 25 87 9 53 76 55 0 42 8 82 2 73 
0 39 22 51 54 41 53 42 62 45 28 35 53 94 8 49 62 43 72 61 64 21 91 60 2 86 43 9 73 87 83 24 26 63 10 51 66 66 70 21 4 98 70 34 3 81 52 44 73 50 92 50 9 51 26 48 85 34 92 59 45 1 98 47 54 56 25 96 20 46 24 48 33 76 14 85 76 33 30 48 94 96 77 15 96 90 16 83 43 73 31 59 51 98 12 43 29 56 41 45 
76 51 45 20 88 42 32 44 26 17 31 48 30 15 33 76 41 97 44 51 76 29 93 90 71 36 67 59 46 53 56 79 79 32 5 12 93 16 81 24 60 45 26 52 64 50 43 6 81 52 43 55 98 46 89 21 5 23 97 23 49 19 46 24 20 25 30 16 57 30 0 43 63 17 35 80 36 34 76 55 67 15 64 79 43 14 19 33 97 45 46 51 34 40 69 30 75 19 30 45 
3 5 45 15 45 18 30 40 30 77 18 97 31 31 6 60 26 11 31 61 48 80 76 8 14 22 39 88 4 49 28 89 39 72 56 96 24 43 32 89 51 45 71 84 62 95 88 81 79 28 57 54 1 15 1 41 15 20 15 47 84 99 1 94 89 15 58 92 43 8 12 30 18 49 23 86 22 83 7 10 18 73 78 10 88 26 16 46 83 38 41 65 6 73 71 19 94 70 90 29 
87 45 90 87 3 54 72 93 1 24 49 67 44 74 25 47 58 69 1 39 14 65 78 92 82 91 84 9 77 54 40 82 30 3 38 1 91 38 8 72 31 28 81 53 4 40 46 64 38 17 85 53 50 39 69 56 36 22 63 54 14 65 48 43 58 81 45 91 84 99 30 79 30 25 51 86 98 94 74 46 44 29 14 31 89 82 10 99 13 53 84 0 93 57 7 52 82 95 46 33 
4 84 58 51 32 58 27 68 75 48 55 23 72 77 51 73 42 66 9 87 71 21 72 74 59 30 20 34 19 41 97 47 54 22 60 74 24 88 94 19 1 27 55 45 2 18 9 27 69 77 95 30 20 8 34 53 67 66 11 64 43 4 34 73 87 59 57 87 38 93 51 73 58 73 90 47 99 59 49 90 83 89 78 91 88 88 98 28 57 35 20 34 8 46 82 68 73 25 84 75 
26 67 14 48 46 44 22 77 10 91 52 77 47 89 53 83 81 44 36 11 53 20 4 17 89 86 40 3 66 35 25 43 57 89 52 79 47 51 1 4 31 21 81 84 37 49 29 0 61 80 9 62 0 22 70 39 71 53 0 2 1 50 84 12 14 20 79 18 59 19 58 7 11 38 80 59 81 90 67 89 71 49 92 89 16 91 38 74 64 97 30 70 67 84 14 85 65 71 97 34 
1 23 73 22 45 84 82 67 59 50 12 10 3 53 9 89 48 61 84 14 18 16 55 30 66 35 14 50 62 1 58 78 1 54 15 97 81 14 62 22 0 19 91 43 66 47 68 37 81 51 65 33 75 92 42 21 84 14 40 44 74 57 24 18 79 59 26 33 83 36 52 55 47 33 80 85 55 32 30 25 61 25 84 89 91 93 79 34 93 86 24 86 84 0 49 74 32 27 76 45 
63 75 64 47 96 14 8 47 78 93 1 65 74 72 1 25 36 29 6 38 43 61 55 48 60 40 0 47 43 68 45 1 54 69 94 96 92 36 18 89 95 35 75 50 98 55 20 29 68 70 76 91 40 73 68 50 87 72 57 55 44 73 63 81 35 76 55 80 62 50 70 27 15 9 60 91 89 94 66 45 22 63 28 0 70 33 79 96 99 40 24 0 84 86 12 22 70 3 10 2 
86 96 8 54 65 87 14 12 21 21 9 30 91 73 14 53 4 6 61 7 14 72 50 2 98 99 91 38 40 75 71 71 92 31 29 17 21 86 11 26 52 89 44 27 77 14 6 23 27 2 96 54 67 81 2 59 97 21 48 96 40 63 67 21 25 89 40 76 43 77 46 91 89 96 72 92 70 88 93 64 9 87 22 22 43 58 28 93 52 11 79 45 86 59 13 98 11 28 69 79 
39 44 92 85 57 29 87 34 9 74 78 18 5 40 90 49 9 51 65 71 76 45 69 18 6 35 1 68 32 20 60 87 70 59 39 35 94 53 59 75 83 73 49 41 83 58 37 57 17 84 27 77 35 48 81 32 16 83 47 11 16 83 41 79 79 7 33 50 62 53 46 61 62 63 10 3 31 19 14 49 67 6 84 16 12 62 95 86 13 76 79 89 37 59 89 83 59 90 97 24 
64 30 88 48 4 14 50 62 18 89 24 77 43 40 15 3 39 81 12 65 76 5 78 88 29 67 99 11 84 30 39 67 29 35 7 42 12 73 40 89 99 80 86 82 50 34 25 42 33 80 11 99 37 42 71 67 99 47 80 28 84 27 20 39 59 1 45 37 79 36 32 8 42 54 1 46 3 48 29 17 24 84 92 6 41 80 39 11 11 20 26 77 98 35 79 50 16 46 89 40 
71 56 99 92 35 93 23 11 70 27 59 97 30 4 67 53 55 89 76 14 78 56 15 54 22 24 76 62 39 4 80 43 82 96 27 95 47 91 19 29 35 30 99 33 50 96 4 89 55 95 32 94 91 45 74 71 97 13 19 82 84 58 8 86 47 4 90 23 65 31 77 70 35 37 17 93 33 72 16 12 41 6 98 78 66 59 47 25 50 70 1 38 28 44 79 94 91 80 7 36 
93 6 97 88 53 9 30 97 78 88 2 8 93 76 90 51 27 84 95 27 25 84 29 6 94 79 16 10 84 5 83 68 83 66 32 54 89 56 5 13 33 57 42 40 8 47 5 7 22 26 61 37 78 22 95 15 90 62 60 22 16 78 4 77 8 5 53 56 64 40 90 58 66 34 37 60 33 10 85 96 12 8 73 72 90 72 75 40 4 45 65 43 58 15 76 70 51 6 76 63 
76 72 22 3 57 31 97 69 32 69 96 81 76 66 75 90 84 34 94 9 81 28 41 59 67 80 54 67 16 94 37 62 11 81 47 65 7 72 92 14 18 85 50 11 74 57 59 5 36 65 26 30 76 64 7 48 13 22 75 77 91 87 25 25 4 41 35 78 99 34 34 95 22 96 9 48 19 83 6 44 74 63 65 32 97 84 40 34 86 8 25 54 13 11 71 4 8 50 1 96 
29 76 21 28 24 92 19 74 38 34 7 56 74 18 19 90 0 8 94 91 25 50 10 4 33 17 63 71 86 52 82 18 18 6 35 82 88 80 43 20 11 50 75 67 61 66 78 32 62 0 43 45 51 16 85 50 23 30 38 79 93 73 57 32 92 17 7 4 94 53 61 35 98 49 68 91 46 57 20 35 6 81 42 35 70 87 87 65 36 0 10 99 96 27 61 71 73 83 53 62 
7 82 2 81 12 5 32 55 22 29 68 57 72 49 68 21 4 62 70 72 74 89 53 19 12 72 13 22 57 66 70 36 6 23 44 40 47 5 26 72 63 1 31 76 52 90 39 11 92 57 72 75 59 44 18 8 11 55 78 85 26 74 40 31 55 52 85 43 81 21 94 4 31 41 35 87 19 4 97 62 91 68 80 98 26 94 6 21 76 69 6 12 46 65 93 57 35 25 5 71 
46 42 65 97 1 6 54 99 31 41 33 17 35 80 67 45 64 53 3 94 75 92 32 72 68 49 13 53 77 83 30 54 48 39 82 46 33 95 47 70 62 3 19 64 50 56 51 9 39 83 79 47 92 19 4 15 24 85 30 32 93 81 42 6 85 32 5 32 4 96 90 46 4 73 12 16 7 12 6 93 41 99 85 53 96 94 90 79 94 49 58 59 47 95 36 94 36 61 78 13 
5 77 8 87 95 19 51 59 63 80 51 53 5 30 58 30 38 77 7 16 47 65 64 55 19 82 92 63 61 14 61 71 80 59 8 67 29 26 92 71 20 77 59 30 20 22 49 84 86 49 22 24 98 10 60 15 42 12 39 11 73 28 35 33 21 76 50 84 45 93 43 44 36 65 48 79 52 73 93 67 25 69 51 25 11 11 46 92 95 79 24 20 99 94 23 80 73 50 42 77 
36 4 93 16 82 63 92 72 91 62 45 17 21 81 63 18 71 8 3 16 74 91 7 85 19 80 38 6 94 17 77 42 72 27 49 81 15 0 10 65 41 18 38 88 60 13 72 23 8 62 62 73 60 66 36 91 25 43 6 89 95 27 62 55 15 79 99 46 37 93 75 30 84 23 26 51 77 78 80 9 40 79 39 62 84 50 7 32 65 22 5 61 33 18 89 9 36 95 51 3 
74 39 73 92 94 72 44 58 89 35 71 27 99 89 31 64 26 98 33 58 0 37 62 64 85 77 34 15 28 59 62 92 29 89 42 22 89 45 76 82 99 28 43 45 99 31 53 13 50 82 77 64 41 92 21 96 12 72 22 33 29 3 3 6 59 40 37 76 8 38 26 73 54 21 82 15 74 34 37 27 36 95 83 35 17 43 43 67 57 24 27 39 33 48 66 52 34 74 63 95 
36 0 47 73 93 23 19 6 7 36 63 37 81 7 16 97 6 63 71 8 45 0 75 94 11 24 55 54 44 89 38 98 43 58 6 66 65 29 6 69 30 67 63 59 32 12 87 68 2 71 33 96 18 88 10 73 23 85 63 57 28 36 4 93 48 60 91 90 40 83 43 72 59 67 54 62 53 49 60 43 84 7 73 61 38 24 86 72 10 63 61 47 7 12 45 36 23 2 34 99 
33 14 47 35 59 94 31 61 93 43 79 38 48 60 51 82 80 60 49 0 95 76 5 2 87 31 67 99 20 65 24 64 80 32 17 58 13 94 10 88 79 65 8 50 39 33 12 87 4 33 90 15 18 26 3 14 58 27 92 39 44 44 96 37 33 99 37 94 53 90 24 59 27 39 28 94 83 14 15 88 19 62 50 31 71 28 44 21 23 15 54 27 46 87 34 91 25 58 8 78 
64 90 51 43 65 73 66 66 27 75 73 82 52 84 19 39 95 19 67 17 7 28 12 87 30 22 43 45 75 38 80 63 41 22 93 87 9 91 34 82 32 4 44 80 11 17 43 16 81 13 96 77 44 44 67 92 16 98 5 35 51 49 19 47 35 63 62 59 56 66 65 39 43 42 74 10 24 31 77 88 69 12 71 57 28 33 9 96 9 10 58 17 70 21 76 52 81 68 24 7 
53 89 70 84 89 40 22 52 0 13 65 33 15 35 81 65 62 74 40 5 28 38 53 27 66 98 84 45 24 49 93 0 96 32 9 81 81 38 32 3 97 31 32 79 64 14 1 62 35 67 51 11 9 78 95 54 93 38 94 10 66 99 68 52 66 20 98 78 47 25 1 6 61 6 85 0 3 2 51 87 17 93 43 84 4 11 66 33 50 23 6 52 22 56 29 30 93 59 66 8 
0 4 36 57 16 41 84 90 8 30 39 64 34 19 38 14 54 68 4 85 22 44 36 86 24 18 77 51 91 7 23 82 99 31 65 36 72 20 69 28 3 50 90 70 89 25 75 40 42 25 61 80 43 81 84 16 21 56 22 80 92 4 35 0 92 78 32 4 23 79 69 38 61 30 75 27 39 43 74 86 4 82 39 8 99 94 35 26 47 99 34 34 74 40 14 74 39 65 65 8 
76 6 55 64 8 55 50 45 86 90 39 89 97 52 56 36 58 96 56 85 16 22 25 80 35 89 54 37 53 65 9 8 60 38 55 67 83 23 55 48 88 97 91 39 55 62 15 52 70 46 95 43 95 48 93 35 22 74 37 36 60 65 55 84 49 26 9 58 79 21 15 78 84 12 69 10 32 96 36 29 69 88 21 70 33 24 20 29 99 35 90 67 6 5 84 65 5 6 10 61 
33 46 0 25 63 67 93 58 63 46 19 17 42 18 16 86 29 39 5 48 47 64 61 46 55 38 86 30 3 31 0 88 74 19 37 32 95 47 35 85 5 97 85 90 21 81 14 57 99 3 28 23 28 34 79 38 81 71 7 7 67 72 70 32 73 5 63 55 70 47 48 85 92 8 69 0 58 4 66 69 75 75 53 39 56 68 54 22 50 56 42 8 78 13 29 36 55 23 67 70 
27 83 71 29 78 27 23 17 22 31 5 89 5 31 65 26 31 6 20 30 37 33 99 30 59 58 2 28 26 74 26 2 55 87 56 5 98 50 15 31 96 90 82 37 58 63 91 70 63 73 53 42 6 90 7 52 86 60 98 85 80 40 59 58 24 76 43 54 9 26 34 9 16 26 28 82 81 80 83 70 50 8 83 91 34 32 77 34 19 53 8 97 56 23 75 30 92 81 53 62 
77 82 11 39 66 34 30 75 74 41 38 74 75 35 24 56 16 14 69 56 3 59 9 10 79 74 96 59 30 82 57 7 92 66 2 94 47 90 85 84 86 22 35 51 98 62 3 1 96 40 59 47 60 14 23 19 87 25 28 3 59 47 7 41 21 74 7 25 10 23 79 93 47 84 42 16 68 77 68 42 38 67 76 86 4 36 28 65 74 97 62 4 53 57 43 70 21 19 47 4 
91 43 43 7 43 65 39 1 15 89 48 8 86 98 62 1 59 95 15 75 79 21 39 86 66 10 86 52 58 32 89 51 7 12 29 40 74 27 90 22 21 21 22 82 1 21 47 5 35 78 92 92 94 49 45 23 37 57 7 58 54 25 53 2 24 9 37 99 50 13 44 48 14 13 86 92 62 8 75 60 58 53 20 79 92 81 22 9 23 59 26 44 13 62 8 46 96 27 52 65 
77 80 0 94 76 90 20 22 97 47 36 12 71 41 38 9 32 2 93 15 26 69 47 50 53 56 4 54 91 76 37 75 66 39 38 60 69 90 84 1 19 11 44 88 34 77 38 44 54 79 31 1 72 16 27 65 12 70 47 78 91 86 12 46 17 46 91 94 76 39 95 12 55 19 26 69 24 81 96 95 14 96 26 75 96 51 1 28 77 16 20 23 34 68 78 49 14 13 5 65 
25 9 80 83 49 79 58 49 64 89 37 86 57 53 84 62 91 71 25 27 16 94 60 8 35 15 81 33 22 32 46 87 65 58 51 30 97 44 69 74 34 54 4 29 2 35 96 37 91 58 35 71 85 81 85 73 62 73 91 68 24 44 30 95 90 92 73 18 12 85 34 7 90 10 21 85 93 8 67 56 54 78 88 15 85 40 97 2 67 68 92 4 52 76 19 70 50 2 57 26 
20 26 49 93 45 47 96 29 54 58 19 96 19 78 19 63 71 87 84 68 19 80 82 12 23 36 63 45 77 60 99 86 67 35 90 26 58 33 22 21 58 53 62 79 75 27 16 71 79 82 12 89 69 35 79 8 99 84 93 5 13 58 79 78 49 37 86 88 69 18 73 5 96 7 83 15 92 3 19 47 29 6 35 71 49 79 50 29 34 29 57 49 92 37 25 35 76 34 11 38 
74 76 44 42 76 90 91 95 28 40 13 12 58 58 88 2 79 71 79 26 92 62 20 94 93 20 86 36 78 16 95 57 14 90 72 75 22 85 4 28 86 85 5 73 85 14 23 48 28 91 30 67 87 27 96 70 80 79 89 13 98 87 50 71 83 96 86 96 43 60 68 37 23 7 47 86 14 38 76 35 79 31 24 4 53 17 51 63 34 39 46 78 32 69 98 30 23 83 59 50 
93 32 2 98 9 16 11 56 97 47 0 30 32 72 60 73 41 38 32 72 85 75 22 0 93 68 89 26 62 18 18 63 83 36 14 67 70 82 18 6 7 0 30 21 8 73 86 91 79 52 72 46 47 7 28 22 40 71 46 5 74 21 4 45 34 20 93 20 41 84 39 8 95 77 50 13 5 46 71 61 87 35 86 51 84 79 28 76 53 82 81 97 21 28 75 23 56 88 14 82 
79 22 62 86 65 10 64 24 77 83 97 0 62 9 2 5 74 11 66 78 60 58 55 80 10 60 73 74 39 89 97 28 22 77 23 44 37 12 25 60 91 33 98 78 55 20 4 7 51 48 7 57 5 1 11 17 1 83 25 25 89 58 18 14 60 16 79 39 80 46 68 9 64 87 93 13 30 59 24 5 26 9 29 95 85 1 45 85 7 19 3 51 34 11 98 17 64 19 33 78 
49 24 77 5 99 57 79 72 36 34 75 68 31 38 94 23 43 98 97 82 83 72 68 83 44 16 12 27 23 86 73 81 80 10 57 38 12 71 43 75 8 73 56 11 79 56 18 54 44 10 0 51 41 92 95 58 13 90 48 18 75 66 4 57 26 17 58 43 71 6 81 23 57 17 83 66 0 37 27 54 94 79 92 56 73 17 8 42 12 35 14 17 78 22 44 92 57 76 50 76 
28 25 13 35 54 25 85 85 8 39 35 69 27 56 3 41 56 66 83 42 2 33 99 97 67 38 67 28 59 99 84 6 84 4 71 47 12 73 13 33 35 2 37 98 18 81 13 71 49 7 13 18 53 88 42 17 67 46 60 21 3 82 65 20 58 72 72 7 65 54 95 93 59 16 13 54 95 43 44 89 28 29 37 14 27 14 35 17 16 27 28 73 10 6 43 90 50 39 51 88 
28 10 15 97 46 55 28 3 39 12 10 23 21 99 83 59 95 13 82 89 68 80 57 78 14 2 20 68 44 67 56 72 33 99 37 97 75 42 56 23 76 78 38 21 68 37 23 60 50 4 40 41 30 53 53 7 5 14 83 26 77 67 24 29 29 64 42 58 42 85 99 81 52 45 4 44 98 47 86 77 30 52 84 98 91 78 3 80 82 6 1 17 64 0 33 11 50 66 29 62 
64 72 33 90 63 67 37 71 18 13 78 23 61 7 2 35 21 72 12 74 70 59 93 12 9 76 21 84 10 12 46 12 35 80 88 47 51 50 12 98 57 8 26 88 18 7 66 8 78 66 66 75 67 36 26 31 61 25 71 70 76 93 58 21 69 64 10 69 14 81 25 69 89 47 35 18 89 99 69 94 33 8 71 57 31 49 55 79 54 90 16 68 65 88 11 22 66 64 94 83 
95 0 52 81 8 3 34 72 51 51 82 83 7 98 14 76 29 62 13 75 42 0 39 30 40 86 39 0 36 5 88 74 90 28 54 13 57 94 64 27 95 16 29 17 6 49 0 70 82 88 54 91 92 97 39 93 53 33 22 22 45 26 21 36 12 35 9 25 28 90 16 9 25 93 14 87 20 96 15 97 61 58 13 79 21 79 3 40 0 52 26 69 40 51 3 19 52 11 43 65 
66 42 99 96 1 66 98 2 52 51 65 60 17 84 42 44 64 22 28 7 65 87 97 39 49 20 68 86 26 28 68 94 94 22 71 47 32 35 84 85 95 82 37 51 89 62 77 40 72 52 32 46 49 62 70 86 57 25 92 86 58 72 10 91 24 15 74 75 5 53 28 44 15 70 4 75 62 73 71 37 80 83 50 58 31 54 89 73 22 71 5 81 97 49 15 84 48 24 67 35 
64 50 38 39 6 13 84 54 6 80 91 23 73 74 62 62 47 90 55 53 30 49 53 21 69 14 74 21 43 1 58 75 65 49 39 42 3 93 15 94 76 63 25 0 17 5 72 26 10 42 14 88 41 99 99 1 20 39 99 95 99 50 40 19 49 47 65 14 99 78 88 19 40 18 73 90 99 68 61 2 54 39 0 64 37 78 23 38 46 45 51 53 31 55 88 11 7 61 79 62 
60 46 4 67 86 26 24 64 51 76 64 58 61 55 92 80 48 60 54 94 21 2 41 55 60 89 26 12 47 60 50 42 48 31 85 60 51 82 9 74 93 56 97 47 31 84 23 52 53 35 3 51 79 68 61 49 31 35 62 97 25 95 4 31 30 48 69 5 86 66 84 93 26 52 61 4 78 33 8 13 52 79 2 40 27 47 23 64 5 98 57 62 50 67 43 19 99 30 43 58 
31 10 50 72 1 60 38 46 4 63 43 14 90 78 95 42 29 25 56 43 89 28 18 15 44 90 61 48 89 91 12 91 2 91 25 51 86 57 30 75 88 81 44 19 97 42 78 87 98 76 66 50 12 31 69 17 85 34 30 9 26 97 30 61 40 8 79 14 98 70 53 77 98 15 43 80 55 26 32 57 93 87 51 98 80 58 54 11 61 18 72 11 13 95 35 39 28 73 31 1 
71 11 73 87 82 5 89 62 28 38 52 83 26 30 55 45 23 45 98 57 46 38 61 77 7 86 82 49 38 82 50 65 59 8 76 89 41 79 45 48 62 2 18 46 25 26 68 9 80 13 75 0 98 83 20 83 46 84 8 96 22 84 86 9 61 38 93 20 90 78 91 38 87 59 59 8 70 13 72 81 47 96 12 30 92 52 22 53 52 87 68 3 85 6 45 21 30 64 8 63 
93 61 96 16 50 64 54 19 22 81 90 42 1 49 14 61 85 61 57 95 64 46 97 42 46 96 79 38 65 94 21 54 35 4 39 47 83 57 99 42 60 2 70 54 65 73 10 84 51 78 31 2 71 58 86 37 41 50 86 15 17 25 85 45 14 67 84 13 31 99 74 26 76 26 37 95 83 21 73 44 80 88 67 13 43 37 4 92 58 81 56 20 25 67 63 5 12 91 47 49 
92 93 7 33 19 63 2 60 15 30 30 99 47 58 74 20 38 17 41 64 34 20 56 41 2 14 75 16 97 35 92 4 48 62 47 13 16 0 25 98 38 19 22 27 77 4 70 32 95 13 31 92 20 47 38 83 18 45 86 84 15 43 68 11 27 17 53 29 43 73 50 99 10 92 39 56 76 62 33 71 66 89 65 0 88 90 6 32 24 89 46 25 68 72 6 87 11 11 73 30 
64 7 6 81 42 66 59 60 2 49 50 15 28 62 80 25 91 30 77 26 88 20 89 41 3 32 54 63 62 54 4 10 24 36 35 35 59 80 73 1 30 31 30 87 32 63 62 58 31 98 22 53 94 36 66 18 20 17 45 92 63 1 57 55 17 18 99 42 38 50 21 22 16 94 59 96 18 8 17 71 62 38 57 15 11 12 78 23 35 67 57 4 74 60 28 24 21 25 74 64 
72 48 32 83 1 38 47 33 10 61 0 52 55 82 86 66 22 13 72 76 81 8 24 49 80 88 97 70 0 43 22 79 36 27 77 28 44 45 81 38 45 7 80 9 31 43 30 77 63 45 84 78 5 50 62 62 7 23 61 19 96 46 85 50 59 21 84 82 85 53 70 3 78 41 79 63 56 16 88 36 19 6 30 80 43 52 33 92 5 91 30 21 39 53 26 22 47 52 61 24 
