49 84 4 92 22 31 97 55 72 88 38 72 87 91 34 59 66 63 62 37 22 40 65 75 80 75 68 59 67 53 71 52 3 64 14 70 57 33 32 84 88 17 48 92 29 0 14 27 20 81 71 35 49 92 71 11 44 74 0 82 6 60 33 56 58 72 69 32 72 31 48 8 9 9 82 84 5 69 28 31 64 38 12 76 5 39 25 74 90 24 37 77 82 98 22 63 66 79 93 76 
77 36 26 67 36 53 10 58 2 56 35 54 72 67 3 88 59 17 65 61 41 69 3 47 8 87 83 54 99 41 91 24 99 12 92 53 15 16 50 80 24 71 75 68 74 15 71 80 25 51 79 55 6 38 11 49 15 60 50 20 74 99 86 8 78 3 60 39 44 82 73 97 60 5 40 57 82 46 1 43 73 8 1 56 39 38 52 53 15 32 74 9 94 7 82 78 7 74 26 16 
6 56 92 38 49 99 39 26 86 8 20 21 18 44 21 77 14 97 34 17 5 3 19 81 11 39 35 4 28 67 0 24 34 88 45 49 43 11 26 62 0 65 75 6 97 28 6 53 54 27 21 77 63 25 1 81 29 18 85 1 99 81 44 19 6 80 50 28 14 83 11 33 51 34 33 75 56 82 13 64 67 53 85 87 87 62 21 36 33 85 53 5 32 61 5 46 24 52 42 90 
51 6 54 60 83 78 39 87 33 44 76 10 10 54 91 89 88 99 94 26 26 26 14 1 49 68 43 24 35 70 70 95 93 57 25 78 24 78 59 50 43 1 49 40 22 54 78 70 99 35 88 43 92 83 21 55 60 83 70 29 36 56 39 60 24 58 18 7 51 32 72 24 87 90 71 52 59 33 74 34 63 55 15 36 3 80 80 85 56 1 15 86 78 77 98 80 52 87 40 51 
59 54 42 86 47 66 26 28 29 84 56 37 44 89 12 96 76 19 81 59 81 35 25 33 56 85 50 67 97 0 15 62 24 75 49 27 25 65 55 36 20 49 83 84 22 91 94 35 81 26 95 95 60 79 92 96 57 49 80 21 32 39 52 45 75 11 94 91 72 75 41 22 9 91 30 30 25 24 25 81 5 8 46 27 68 15 65 14 6 87 54 87 76 30 73 51 55 27 20 2 
89 0 56 88 83 51 28 15 2 40 89 15 49 85 39 6 97 2 34 80 57 1 58 95 2 79 56 84 92 34 59 73 58 29 52 13 51 59 82 92 48 72 87 27 67 97 97 32 55 88 17 64 5 79 95 59 96 81 89 97 98 0 60 27 13 97 2 97 67 89 22 67 75 2 66 32 25 69 56 90 2 2 6 60 66 19 82 43 64 41 14 92 65 5 85 40 6 60 57 89 
73 4 55 62 47 32 94 23 45 40 8 82 15 23 79 7 72 43 85 25 93 85 57 23 6 45 16 72 35 87 89 56 92 45 77 16 45 78 51 46 31 30 26 90 49 47 66 30 72 18 26 71 23 55 89 62 48 5 16 0 86 0 50 78 64 73 29 50 96 38 74 27 65 15 28 18 16 18 78 67 97 96 4 60 7 78 70 91 67 80 66 15 57 37 45 55 78 1 37 34 
80 30 42 80 85 84 24 48 73 33 11 12 95 45 40 57 84 91 9 48 60 19 96 61 3 17 61 36 9 20 47 94 62 89 55 65 10 76 70 82 31 39 9 37 30 86 64 72 74 56 61 88 1 52 56 62 53 13 34 51 13 75 51 66 52 95 98 60 77 47 0 71 46 96 69 0 87 86 98 71 81 80 2 11 88 29 74 63 93 44 84 86 30 24 91 4 16 17 1 59 
68 70 8 15 94 84 2 7 29 97 9 1 62 87 56 73 29 45 64 55 89 81 16 5 16 81 61 50 66 37 50 9 57 67 97 99 67 0 4 48 4 56 82 58 20 53 63 75 86 84 92 82 60 79 48 22 12 37 4 55 96 90 40 3 27 80 91 57 10 23 52 34 77 46 51 23 11 3 16 72 37 43 69 68 71 7 19 39 9 5 12 27 56 89 92 51 15 96 27 7 
78 13 77 18 30 71 2 91 71 12 90 64 9 1 95 58 8 55 82 35 12 7 98 54 73 71 0 51 7 56 96 85 15 18 55 10 29 15 70 10 89 4 74 8 78 26 50 43 69 58 6 10 11 93 52 73 27 85 18 46 37 14 70 5 14 67 82 65 89 46 72 44 3 55 42 2 9 30 31 99 41 4 80 81 80 18 52 75 14 30 77 65 60 12 69 37 50 70 70 59 
7 85 42 6 68 90 20 4 8 78 85 18 21 65 7 79 42 63 58 96 15 22 94 50 77 74 2 64 79 93 48 80 65 67 2 58 21 16 15 82 5 84 76 13 95 62 40 20 37 18 44 93 93 30 99 99 74 2 56 22 13 48 95 5 29 8 83 82 83 93 19 22 11 82 52 39 62 30 49 68 90 97 8 36 92 69 78 55 21 22 71 28 76 93 71 57 46 81 38 42 
95 61 73 94 87 84 10 8 74 25 88 39 39 91 89 15 45 39 94 14 37 5 35 48 45 46 25 8 17 1 1 84 8 45 99 17 44 88 65 44 63 84 28 34 75 13 47 1 94 24 0 53 90 75 20 36 43 34 47 50 21 4 58 70 95 88 7 27 74 76 45 24 14 61 22 68 71 53 95 83 73 56 26 99 1 4 83 92 14 2 87 24 89 42 44 15 10 14 89 13 
57 11 35 75 62 94 72 6 84 57 23 99 93 52 90 32 5 17 95 98 83 12 4 53 40 19 44 84 91 31 51 9 53 77 93 37 87 3 68 94 87 52 9 71 83 47 56 80 54 85 81 24 25 46 11 77 35 52 56 87 93 32 51 69 39 3 5 38 93 58 77 2 3 15 13 39 90 89 42 20 84 64 43 53 0 63 71 88 92 76 2 22 20 24 96 96 78 36 66 55 
97 49 55 77 40 72 77 21 10 79 46 47 16 26 7 53 48 43 60 27 74 11 17 4 61 99 46 43 78 76 25 11 30 11 71 51 55 69 95 59 23 32 50 73 85 64 8 77 29 51 42 17 97 26 50 29 87 97 74 13 68 71 77 18 12 0 80 41 19 97 78 8 25 16 57 58 75 81 38 55 20 30 93 30 25 3 3 10 86 79 71 26 58 50 69 32 75 84 50 77 
24 1 82 4 29 47 12 15 22 1 2 9 44 76 46 27 75 48 62 10 94 52 77 50 78 95 68 34 4 88 37 9 10 75 88 3 66 26 85 39 15 97 23 39 78 69 76 78 10 45 62 45 36 40 52 41 4 72 19 79 98 79 42 37 66 61 86 46 12 35 23 6 89 91 37 27 12 6 79 77 46 28 88 75 47 87 36 0 62 61 20 11 9 45 88 75 98 22 54 52 
67 8 26 12 60 57 36 43 24 30 68 95 15 19 38 49 15 82 86 14 98 92 86 22 37 59 43 89 33 66 52 93 76 29 10 2 0 50 93 70 5 37 69 25 98 49 34 29 80 68 45 19 39 83 45 89 99 39 95 94 40 54 22 26 34 28 8 3 62 11 26 8 31 75 64 73 94 6 43 66 95 37 70 36 29 61 13 39 62 91 81 90 44 97 58 53 57 59 35 27 
13 94 46 78 27 5 12 29 51 59 18 17 98 29 67 67 29 10 55 12 42 3 88 26 54 55 3 0 38 53 59 2 73 41 38 78 67 5 94 68 2 58 57 67 43 37 30 98 17 27 82 68 75 9 52 33 57 72 17 2 91 94 28 41 46 8 75 94 13 74 5 47 93 73 14 77 38 36 98 33 87 27 94 52 10 67 93 27 93 41 76 16 14 15 75 2 49 65 14 94 
5 89 21 72 90 24 24 62 33 50 95 58 51 6 4 87 82 12 84 40 55 5 73 13 19 98 51 99 21 38 94 92 69 11 6 69 8 9 4 19 70 88 98 43 67 48 42 85 7 32 7 89 14 60 19 48 68 13 52 60 10 98 4 94 47 89 4 78 48 18 88 26 68 40 61 7 81 82 90 2 85 99 4 4 94 14 6 28 7 40 30 27 56 1 14 47 30 50 12 89 
20 18 30 81 32 84 62 86 88 90 11 83 1 66 27 3 35 96 79 38 67 13 18 66 76 55 82 87 62 7 41 8 26 93 97 99 16 75 57 68 64 71 54 55 22 36 78 50 26 49 29 52 28 50 31 84 72 49 47 67 68 54 87 62 13 11 74 40 26 58 20 22 37 70 13 90 32 65 11 27 9 65 0 93 50 50 69 46 67 54 97 49 22 41 27 55 14 29 95 89 
49 87 45 35 84 20 38 84 63 90 65 68 6 24 84 97 50 29 80 26 26 94 5 23 18 27 23 79 75 10 46 5 57 40 35 75 68 2 93 46 0 65 25 52 57 51 25 20 55 88 65 90 3 9 26 89 32 24 89 75 30 42 94 36 71 76 18 31 97 15 24 35 78 60 61 15 20 89 52 67 45 10 7 45 0 56 0 61 86 97 84 66 95 62 60 14 62 68 35 70 
36 72 29 59 13 31 95 70 33 34 4 61 17 95 70 24 72 6 47 77 58 57 57 60 64 85 74 84 18 6 41 79 24 71 55 46 37 12 62 84 55 62 77 6 17 91 38 33 52 83 76 20 7 0 67 13 23 15 90 76 43 36 80 97 25 26 66 37 71 61 50 5 58 66 48 59 7 34 12 70 93 91 41 90 41 38 26 34 35 4 11 5 94 13 8 73 83 4 10 59 
46 13 96 65 99 57 40 54 34 73 39 46 32 23 80 40 53 68 30 46 48 20 53 0 6 14 33 13 58 49 84 20 46 24 87 12 85 95 33 85 63 7 19 21 20 50 85 36 17 1 23 89 94 16 85 74 3 61 48 36 95 30 3 80 71 62 91 15 72 24 51 19 37 20 69 8 30 28 90 64 59 1 70 87 90 27 26 92 53 32 24 78 21 58 95 84 74 16 32 21 
0 5 38 49 20 13 87 2 8 98 89 24 23 44 46 49 99 37 76 33 80 50 22 60 80 65 76 55 54 57 11 95 26 13 55 10 92 69 23 79 96 46 53 66 31 63 83 30 69 51 87 62 21 92 48 48 1 99 11 69 27 73 15 19 24 44 77 57 49 52 44 3 77 82 2 92 61 69 90 6 0 52 60 89 31 80 60 0 26 92 11 86 61 1 16 59 16 6 32 33 
72 82 67 83 88 93 45 53 4 90 97 65 73 76 82 48 15 92 65 15 17 57 8 83 41 59 98 98 78 96 61 87 88 56 54 82 79 88 69 17 36 38 82 16 19 7 85 18 27 52 23 50 86 61 51 51 98 89 2 0 96 21 27 29 45 92 91 44 56 54 46 1 82 77 41 82 54 49 21 27 37 66 7 72 59 17 2 34 52 42 11 82 48 77 70 78 39 24 9 97 
70 98 32 39 85 20 52 71 10 87 27 92 68 28 39 1 14 87 75 24 35 23 97 42 53 72 50 6 51 36 61 86 90 43 68 49 37 62 77 8 68 56 86 40 92 44 65 73 78 57 69 30 32 87 80 31 87 3 79 69 8 90 41 6 2 94 73 67 78 16 27 63 59 8 34 87 62 77 73 76 63 22 97 79 42 70 65 78 7 77 82 72 58 8 3 1 8 9 55 7 
36 8 66 98 99 12 87 61 49 96 37 79 61 62 90 79 17 60 2 0 52 22 70 38 98 21 10 99 95 27 2 7 52 88 38 16 21 18 82 11 9 31 83 1 53 46 60 90 89 61 66 30 78 50 35 3 38 77 47 13 32 36 54 82 53 83 4 78 3 32 70 63 46 52 86 46 98 17 7 21 11 94 6 83 25 86 54 24 76 13 13 2 69 44 32 68 11 6 11 54 
47 70 51 4 49 22 34 67 40 43 43 99 14 30 27 23 86 8 54 39 60 43 55 46 80 40 43 82 55 51 87 38 0 66 45 91 53 46 4 98 40 36 33 32 50 89 18 35 31 11 43 2 84 1 76 5 80 63 76 90 60 0 45 69 95 42 21 73 50 18 87 29 9 29 92 80 19 76 82 50 18 68 49 20 94 39 89 92 41 37 1 46 82 80 43 72 10 65 94 15 
40 45 23 96 7 68 48 52 6 77 4 16 55 77 48 82 89 19 28 33 80 34 76 50 65 3 31 86 47 87 68 96 16 51 4 49 46 19 17 75 10 98 22 33 96 12 1 23 45 95 44 75 68 43 72 52 69 34 69 34 54 77 27 13 44 12 2 94 54 30 64 57 15 58 22 50 83 4 83 34 94 98 33 11 57 39 13 54 67 84 67 27 93 53 72 12 51 21 46 50 
40 31 0 90 21 30 43 97 71 58 54 54 49 80 47 86 15 42 4 39 54 49 23 18 50 17 22 23 38 17 39 85 67 72 25 19 81 65 38 60 36 3 59 36 73 6 19 29 63 93 32 75 2 73 48 17 20 57 45 61 58 92 10 87 11 48 52 35 26 3 41 3 99 52 88 54 10 59 64 83 36 14 5 15 40 21 70 15 87 71 25 22 20 22 29 93 1 75 43 82 
40 64 10 72 35 96 87 95 93 7 14 13 86 47 79 57 7 4 1 16 47 81 99 87 43 0 90 22 79 18 16 16 60 84 12 37 0 80 48 31 32 98 53 25 49 79 91 87 63 18 38 80 17 86 50 51 32 65 32 10 7 24 98 18 64 20 35 77 34 62 13 18 25 0 14 85 46 83 31 41 84 43 24 80 96 74 46 62 41 9 15 78 65 25 6 43 58 7 84 92 
26 56 44 61 51 30 12 36 44 50 37 33 62 40 55 7 96 45 39 16 76 40 12 61 75 1 2 35 89 1 10 99 18 85 84 47 75 87 47 39 63 51 1 65 6 55 44 1 17 20 30 94 56 19 13 79 87 17 0 54 26 71 85 29 32 30 57 16 40 87 35 72 39 45 25 24 7 18 85 86 76 66 6 26 21 17 28 68 92 87 32 77 19 71 61 30 76 49 76 57 
10 99 9 97 25 1 35 74 41 9 56 3 36 35 99 59 92 62 49 48 34 77 44 27 34 7 43 2 4 52 31 72 65 38 84 93 56 45 66 68 1 86 21 75 45 64 61 90 40 94 46 24 41 35 34 48 90 66 18 93 26 34 68 87 1 4 60 52 52 16 10 40 94 67 90 10 35 36 29 64 85 6 81 79 58 23 17 0 20 17 22 36 65 72 79 37 99 13 21 55 
81 34 4 40 48 11 93 32 55 87 86 46 67 5 25 85 80 91 21 92 6 83 43 14 25 92 74 47 54 65 32 29 64 75 39 72 35 99 41 82 36 37 0 83 39 83 6 95 15 70 62 83 18 0 50 24 31 72 79 20 46 45 76 50 68 96 19 50 84 25 62 15 94 86 23 72 8 80 29 11 28 40 37 49 71 88 98 16 58 71 5 43 3 52 17 82 81 0 0 44 
1 3 36 7 94 55 24 91 26 25 53 87 26 34 93 82 34 19 55 56 26 34 76 59 74 35 75 70 71 11 55 69 12 60 24 15 50 11 86 6 65 89 86 26 37 99 94 27 89 82 77 91 11 55 5 85 54 28 47 41 91 69 7 29 29 44 5 45 28 6 45 96 14 32 84 81 73 99 20 7 38 12 33 89 2 76 82 63 23 81 16 39 75 31 92 41 6 16 7 55 
75 77 53 25 75 94 55 55 62 14 4 66 64 29 9 31 5 92 53 12 10 61 14 92 46 68 2 71 89 23 11 20 92 74 11 6 6 4 60 0 81 45 25 64 68 73 11 16 78 80 78 40 61 84 26 13 37 4 41 5 33 93 7 29 57 67 2 2 11 65 70 20 57 70 47 42 64 97 91 92 29 66 63 67 6 83 82 29 1 12 66 43 50 6 13 56 72 8 98 61 
76 73 78 35 2 24 51 95 58 40 19 27 44 28 38 98 93 8 0 52 7 46 48 3 65 91 21 59 16 31 79 79 7 0 90 14 9 52 67 63 29 86 17 33 1 25 46 56 16 93 79 10 42 48 44 87 52 59 9 45 22 22 18 37 91 39 64 44 56 51 77 6 14 8 20 79 19 70 11 45 21 22 36 80 75 41 92 10 37 74 7 71 73 84 98 30 69 97 43 29 
37 38 76 69 27 61 17 12 74 21 46 22 7 25 1 25 24 30 14 76 64 80 94 11 64 69 19 74 91 34 83 86 64 76 81 75 38 80 42 64 23 56 41 89 18 56 92 21 27 37 17 34 55 42 30 55 46 78 33 29 31 91 93 53 63 14 55 68 30 88 17 52 5 34 42 4 50 78 8 64 67 4 21 18 56 38 95 78 16 29 77 79 76 26 95 84 80 82 10 40 
36 86 13 75 76 67 41 38 84 11 66 67 49 87 35 14 22 63 50 37 24 92 34 85 98 13 99 15 74 62 78 68 74 32 15 13 44 16 48 12 83 52 64 88 91 56 46 22 97 30 42 39 1 87 72 62 86 79 29 64 89 85 7 11 10 29 61 66 66 56 89 65 27 20 20 74 63 69 26 60 74 68 31 39 27 80 75 39 75 65 59 69 54 31 94 45 95 29 5 51 
80 15 7 53 77 79 97 86 16 33 99 62 27 90 30 48 2 57 48 62 89 61 15 49 79 1 54 94 98 4 50 98 12 69 62 12 47 81 48 1 55 36 2 79 82 91 34 55 75 21 6 97 64 77 68 40 26 6 15 71 33 75 48 57 34 47 99 66 99 58 4 16 62 50 57 79 15 84 54 34 77 24 85 23 57 36 46 30 38 46 25 99 2 81 40 28 36 92 8 88 
48 27 80 6 11 68 7 79 16 31 21 8 56 67 69 36 3 83 54 88 44 33 17 54 88 6 9 57 92 96 67 97 23 23 11 36 17 93 69 13 63 78 44 85 76 68 95 17 26 72 19 33 87 35 70 64 60 91 27 46 57 71 72 65 71 26 10 48 53 17 52 67 47 88 53 21 22 65 46 29 62 49 13 69 27 97 48 38 0 86 14 42 39 78 61 48 52 73 47 4 
1 76 45 9 76 6 27 93 89 41 22 52 99 69 28 49 44 86 32 67 42 65 7 77 63 92 96 19 14 11 69 83 67 31 19 53 11 26 94 56 61 33 11 50 10 41 72 8 62 15 84 27 37 16 93 36 32 41 88 65 53 8 8 78 34 17 31 37 58 98 99 50 35 92 46 4 82 91 70 34 62 82 22 46 86 41 8 14 6 1 29 58 50 12 48 35 6 26 51 76 
11 81 4 99 93 54 46 9 20 93 61 63 71 1 73 65 71 94 72 63 89 69 63 87 68 59 90 48 36 31 37 6 46 55 55 12 33 3 79 45 78 38 6 47 97 71 54 11 94 14 58 79 74 52 15 22 51 30 13 96 27 86 28 12 53 17 47 12 38 75 29 44 94 3 43 91 5 72 59 92 38 53 16 47 99 10 64 21 95 60 53 8 95 33 44 92 10 78 25 39 
73 91 65 18 23 78 98 46 70 37 38 68 72 83 21 97 54 23 34 87 17 66 58 58 12 27 94 32 40 34 84 17 84 50 38 32 1 37 78 16 19 13 55 16 43 93 54 47 47 16 2 77 76 46 61 12 31 41 97 68 19 97 36 87 5 4 16 65 53 75 7 22 99 96 56 27 54 86 56 61 0 0 63 94 88 50 45 45 19 97 61 82 8 32 9 40 83 58 51 14 
82 97 62 98 67 2 39 77 88 14 12 21 87 35 57 62 14 13 42 53 64 69 74 76 46 82 83 16 19 27 12 25 8 30 97 66 5 64 83 94 46 50 61 93 99 65 80 17 32 83 68 81 66 81 9 1 61 43 19 72 92 83 50 96 35 13 22 94 36 92 88 19 78 48 88 92 40 83 40 15 8 29 24 56 14 3 20 57 93 27 96 14 33 42 65 74 88 41 29 36 
8 88 66 11 50 78 63 18 3 68 98 29 22 97 57 90 75 93 81 97 2 99 42 36 61 40 9 87 70 19 56 94 46 32 82 14 81 28 8 20 27 44 97 46 68 25 3 11 1 58 48 51 97 69 70 9 69 30 19 52 33 41 65 23 28 22 83 52 4 68 26 29 68 23 29 6 60 61 74 64 96 18 91 9 69 35 74 58 11 47 77 96 85 81 59 91 84 72 1 70 
37 20 70 61 66 66 39 29 93 3 7 44 81 81 68 3 94 41 0 89 82 43 54 35 79 98 66 18 22 45 80 59 78 87 10 48 46 48 86 56 15 37 49 95 55 36 18 15 33 49 75 28 30 87 31 29 53 65 59 41 36 25 21 95 14 57 0 6 46 65 46 74 22 94 32 77 38 58 61 15 57 73 48 14 87 29 14 95 30 76 97 79 72 77 3 38 10 66 11 68 
24 93 79 87 27 26 40 71 66 99 38 54 62 8 78 72 38 39 17 28 11 38 52 68 57 12 22 65 84 71 95 81 20 25 29 52 25 66 74 4 60 35 72 32 88 67 77 40 10 5 11 76 21 75 16 97 35 30 63 67 34 75 57 45 24 40 21 39 64 96 13 20 55 23 67 34 27 44 73 12 55 25 13 67 29 63 97 32 66 79 84 20 15 30 84 9 42 62 34 38 
73 83 93 15 35 66 11 94 24 21 46 28 69 53 25 49 58 95 20 63 63 56 3 17 24 9 12 40 65 71 24 20 30 44 95 98 4 88 13 30 34 57 25 42 1 24 65 87 45 78 60 58 53 75 83 0 47 98 93 50 65 92 72 42 33 12 85 99 83 98 60 10 1 68 21 64 50 90 68 92 76 36 5 3 44 70 73 63 83 3 68 7 67 35 1 39 29 4 81 97 
70 14 56 16 18 47 62 84 64 20 51 97 93 45 0 68 1 53 68 81 48 44 88 92 10 31 23 3 47 87 14 85 56 46 93 86 92 41 61 77 76 64 84 12 15 30 0 72 99 22 16 15 78 91 57 39 50 85 62 70 66 9 1 41 74 81 75 35 15 46 12 32 64 60 49 3 46 98 81 87 66 59 13 71 90 98 27 62 63 95 30 96 82 39 72 59 9 28 59 31 
31 6 29 23 98 60 85 49 75 9 99 98 14 95 75 11 83 4 39 61 70 67 20 86 75 92 81 53 66 73 16 59 64 86 39 41 89 98 73 14 41 71 31 39 35 78 67 10 41 61 76 50 77 0 7 63 9 68 91 51 96 26 3 85 23 65 87 94 70 60 83 79 96 41 31 68 74 5 0 61 32 73 42 63 10 67 19 31 29 51 19 27 36 6 90 63 35 35 36 70 
23 13 33 39 80 62 77 84 94 91 6 6 41 97 93 47 9 61 33 10 66 73 63 47 4 90 35 25 73 12 98 46 46 45 57 74 14 58 93 76 3 68 65 39 99 36 98 70 28 63 8 9 64 19 41 86 70 97 77 89 63 25 33 77 22 56 75 16 1 37 17 79 30 16 10 67 58 42 75 45 9 64 52 15 87 56 52 41 85 2 36 89 83 84 21 39 48 67 53 78 
65 92 43 13 85 0 20 19 18 88 99 7 75 9 61 32 16 64 13 22 54 28 53 44 88 56 91 20 6 77 45 23 74 30 78 14 30 34 91 69 96 60 19 36 66 24 43 49 46 80 54 23 95 12 83 54 22 14 22 29 94 6 50 31 53 43 46 2 9 85 40 43 27 96 40 64 7 19 59 4 57 51 93 91 10 80 66 36 78 91 74 89 96 91 21 98 36 39 56 82 
16 30 61 84 59 51 83 8 1 89 52 87 46 13 30 19 86 71 22 92 30 0 60 8 6 83 92 72 81 11 99 37 61 70 4 85 28 62 19 66 8 11 14 69 23 46 79 85 92 5 92 40 4 0 74 42 10 82 81 50 92 66 47 71 39 86 32 88 51 16 1 20 32 43 90 39 54 87 74 19 78 58 98 80 76 8 30 68 71 76 91 79 55 28 92 73 94 73 26 19 
95 17 63 38 65 31 38 68 19 82 97 96 50 19 78 30 4 82 24 73 37 65 39 88 44 41 10 9 54 84 48 89 76 85 63 66 80 34 68 44 44 1 83 80 59 27 56 24 30 4 30 65 40 2 27 91 78 62 58 1 64 45 16 55 62 92 68 70 0 65 76 7 79 60 45 48 10 70 70 81 13 69 82 69 29 90 5 18 62 66 43 85 83 6 58 59 70 59 35 33 
34 14 68 77 19 89 85 95 17 56 42 33 29 90 55 91 3 45 76 16 18 77 57 47 55 98 20 31 67 89 30 55 68 27 6 27 76 42 50 65 86 42 79 33 3 93 77 89 42 40 93 49 84 71 9 25 77 69 36 10 69 70 75 49 44 31 33 12 14 18 8 54 36 99 1 47 9 28 96 38 78 90 86 30 15 73 54 70 24 52 85 57 12 7 9 82 53 3 41 4 
46 65 75 39 3 51 17 61 9 22 73 27 60 31 45 22 47 58 0 18 24 58 63 46 13 86 16 70 67 1 75 91 35 52 16 15 72 3 46 43 11 87 87 62 87 15 1 73 37 50 39 57 21 87 86 39 71 45 1 77 11 71 93 46 93 93 14 94 14 45 96 75 37 20 98 37 39 78 43 11 88 58 80 24 43 87 51 43 70 71 51 19 56 40 5 56 17 90 69 36 
45 51 87 59 1 0 87 23 16 5 1 85 88 40 45 70 35 54 5 87 10 37 2 97 26 85 7 93 53 27 97 54 37 76 28 46 90 55 48 45 99 99 29 58 9 38 76 99 56 5 12 77 44 94 74 90 29 32 5 46 31 34 31 75 75 61 6 4 16 97 59 77 87 76 62 10 40 43 33 32 86 3 52 7 3 14 40 67 21 59 61 53 98 97 86 43 62 93 25 50 
72 91 84 9 60 9 53 37 84 64 86 35 18 29 90 52 71 85 51 74 75 25 18 36 15 15 62 22 82 79 77 86 96 48 65 17 51 12 32 20 61 59 97 98 94 49 73 41 84 43 11 45 82 43 68 35 97 72 7 21 39 10 99 62 50 64 0 87 42 91 89 21 79 2 37 25 12 9 65 80 91 77 40 27 15 3 56 36 40 1 58 3 86 91 81 46 10 83 0 65 
63 62 55 22 22 20 66 98 48 8 47 63 59 90 43 20 96 19 72 45 88 85 26 44 26 12 61 56 66 38 93 38 65 95 51 87 99 86 25 23 28 26 49 33 72 70 39 41 67 82 30 85 5 56 47 40 75 12 31 26 28 3 59 46 45 8 43 94 29 26 37 19 98 64 85 83 30 21 64 20 51 36 54 92 40 66 69 4 73 47 25 39 87 44 59 49 17 36 85 41 
17 14 78 90 53 33 54 19 18 64 74 8 20 10 54 90 52 47 25 94 69 57 37 31 19 41 4 20 47 99 76 75 49 9 4 21 1 65 1 71 35 70 38 34 99 47 24 84 57 16 66 24 2 99 2 87 17 52 58 82 19 66 69 92 67 20 91 82 39 8 25 14 65 59 42 83 27 39 7 61 83 40 88 22 56 44 12 5 56 27 98 43 27 19 30 73 22 69 96 59 
41 95 38 73 76 68 24 20 28 30 27 61 43 35 44 30 99 16 4 39 28 93 86 59 89 64 13 81 86 2 26 23 73 4 40 90 53 20 40 60 42 49 65 72 68 2 64 46 20 55 1 57 41 31 68 39 68 85 85 96 48 6 73 95 42 69 75 59 27 82 88 35 57 39 43 99 2 24 66 81 86 50 43 73 55 67 40 6 48 16 99 14 47 94 46 74 77 70 44 23 
82 13 26 62 50 92 75 97 10 65 49 28 17 40 50 57 11 83 12 68 25 11 21 84 67 20 68 16 21 5 26 75 54 46 89 40 76 20 85 70 70 45 62 65 49 81 31 60 36 6 46 13 16 37 37 69 16 94 47 57 70 88 85 21 92 71 98 49 8 16 15 43 80 29 3 22 67 14 4 50 70 84 89 86 20 14 82 81 15 75 39 49 0 50 33 91 63 59 23 89 
68 91 95 18 20 67 90 42 73 93 12 44 74 10 1 6 49 42 73 16 35 4 21 29 39 7 71 92 51 94 18 9 66 37 32 85 16 25 90 22 90 60 8 8 23 99 62 17 3 10 12 91 96 40 83 84 32 56 78 17 24 84 86 7 57 34 54 84 18 55 84 36 83 70 33 96 41 79 33 75 99 17 85 0 70 54 99 50 38 12 18 76 31 82 79 1 13 39 70 33 
21 55 70 50 6 96 8 8 4 62 61 21 32 15 59 57 46 77 29 80 37 39 72 27 7 91 38 55 27 99 6 6 37 43 34 71 61 92 72 26 4 45 38 78 18 9 87 94 94 46 11 76 22 17 2 81 68 99 14 51 38 38 40 26 30 18 7 31 2 68 82 88 18 39 13 54 57 14 67 89 37 23 71 60 3 79 58 31 82 79 43 55 34 68 63 29 13 96 6 39 
65 80 8 9 37 40 44 6 30 34 21 72 44 78 16 0 42 71 3 83 34 81 81 82 23 82 88 71 17 46 29 58 0 30 8 25 69 28 13 8 68 53 48 58 36 74 38 50 83 27 18 99 55 11 29 64 29 91 74 57 18 14 26 64 45 44 53 53 75 32 80 50 19 75 1 43 54 84 78 12 20 27 65 54 29 25 10 18 25 55 61 10 49 70 65 53 51 61 99 59 
62 30 91 7 16 17 14 40 17 66 59 73 31 1 94 9 93 57 92 43 2 18 45 34 20 98 92 38 91 37 19 97 22 53 8 36 73 82 5 80 98 95 25 69 43 31 69 38 61 97 63 19 65 73 2 85 97 60 9 10 11 12 0 99 31 78 42 43 56 22 9 43 15 63 96 20 0 48 68 67 67 48 60 46 4 99 93 68 91 10 30 49 53 75 50 83 81 34 89 86 
12 6 79 25 10 78 84 63 31 0 57 7 30 98 2 40 61 20 25 70 67 47 58 51 0 33 57 51 81 70 61 72 42 17 81 75 2 33 78 85 10 52 83 83 83 83 61 66 91 80 26 31 36 87 38 25 89 74 94 54 90 45 19 26 24 27 1 20 95 67 53 86 3 51 10 37 8 60 21 7 34 76 41 40 94 63 72 2 70 38 47 24 84 40 10 55 92 52 74 76 
46 40 33 23 18 29 18 95 75 64 23 96 15 15 93 67 21 94 75 90 81 50 26 82 20 49 94 46 61 28 85 71 58 92 27 63 81 66 72 68 99 83 85 79 73 25 94 34 13 76 47 85 9 13 51 26 41 86 52 46 64 8 32 54 19 84 58 25 6 95 19 81 49 54 78 90 64 50 4 49 19 29 4 0 55 51 60 42 39 14 43 40 80 27 5 87 1 23 66 48 
52 94 23 76 7 31 87 44 28 51 31 30 66 17 47 62 37 5 79 98 90 77 46 38 40 37 3 84 25 33 11 17 63 66 64 79 7 20 17 41 89 71 4 51 34 25 23 15 93 29 43 76 87 72 92 63 63 7 10 9 62 22 34 2 35 20 7 33 0 41 89 30 56 70 30 99 19 20 64 87 42 97 76 14 68 10 58 23 78 87 63 8 32 51 25 90 77 57 99 99 
87 96 6 41 48 24 5 14 2 50 22 91 84 32 51 59 63 55 6 74 67 15 13 11 75 59 58 49 52 58 4 83 50 75 21 93 42 30 38 84 78 84 30 85 76 7 23 47 80 51 47 57 29 75 60 33 12 38 93 68 68 54 3 47 59 81 4 47 92 94 88 14 59 69 35 52 17 76 64 31 9 63 77 63 44 69 56 34 13 96 68 81 22 25 58 66 61 2 77 56 
40 15 31 59 78 41 37 17 27 49 30 41 60 2 77 32 12 83 70 99 68 94 77 42 57 4 19 33 93 74 75 17 9 98 95 91 45 16 20 57 42 46 94 99 92 64 37 88 50 52 53 55 81 71 59 86 33 70 49 22 69 86 87 13 71 73 88 98 58 58 49 37 15 41 43 37 81 93 7 40 85 60 73 82 38 51 6 70 94 23 61 63 59 41 47 8 51 50 39 53 
29 88 75 32 49 56 85 73 52 22 46 43 69 12 82 44 13 78 27 93 36 43 22 27 46 95 77 87 88 56 23 43 20 69 62 39 28 98 40 41 11 26 3 37 98 58 81 90 25 77 77 43 4 63 8 79 63 17 48 13 6 0 0 8 13 86 26 32 56 55 16 92 88 37 69 82 57 0 89 47 15 87 32 56 89 94 87 89 60 93 12 2 45 43 47 69 3 5 36 45 
18 35 34 94 91 31 24 83 41 90 6 63 33 36 16 52 71 4 71 87 71 97 74 54 93 98 23 64 70 76 39 17 85 27 33 32 42 41 96 31 66 98 84 34 21 96 69 68 43 5 25 48 15 49 53 18 95 88 72 83 42 66 67 81 73 70 38 72 19 77 65 34 65 74 92 9 98 28 52 55 15 61 28 65 25 51 53 56 2 94 86 30 0 91 73 11 54 88 83 0 
81 1 60 48 84 89 49 82 4 39 4 85 17 57 80 12 83 93 94 22 59 38 41 59 75 52 51 37 13 85 94 84 36 61 24 82 57 59 87 35 92 53 81 11 93 88 25 51 91 78 81 80 52 2 66 44 11 31 55 70 53 54 74 38 77 51 21 91 31 88 58 32 33 46 28 67 69 71 64 89 0 26 65 76 23 77 36 72 5 62 84 6 26 98 15 0 78 17 28 51 
39 61 67 19 83 11 0 75 23 32 76 55 43 9 86 80 63 40 11 83 3 61 19 54 0 41 22 21 65 22 75 51 27 13 61 58 46 87 73 39 82 25 57 87 2 48 28 71 76 85 68 29 35 62 58 45 64 56 82 65 82 79 72 65 29 64 12 32 43 66 35 9 90 77 24 83 47 46 64 81 55 90 66 87 48 15 55 87 17 65 3 21 19 14 50 51 60 47 68 2 
12 25 31 23 43 36 3 14 61 23 45 95 71 82 48 40 39 19 5 44 15 42 5 19 18 77 86 84 17 49 66 82 76 86 83 0 18 3 80 77 45 52 43 44 48 70 9 64 51 90 61 93 90 10 29 13 6 95 43 85 83 38 25 70 36 27 65 44 42 57 82 78 13 19 10 8 26 48 90 12 16 97 53 29 31 74 29 71 23 12 65 96 21 66 77 13 49 71 5 7 
59 62 58 11 3 62 19 55 29 94 85 22 46 23 31 96 72 24 79 7 30 61 80 75 50 69 74 39 88 27 73 94 30 66 70 19 62 68 20 1 30 67 37 84 5 32 62 90 68 66 35 59 1 85 68 29 63 32 21 29 4 85 63 56 34 70 36 95 27 10 19 43 52 12 6 1 38 76 63 88 52 23 67 10 62 80 58 47 46 90 65 14 38 23 14 97 63 16 16 45 
12 71 36 64 3 55 69 66 76 87 96 53 46 36 65 60 89 26 29 72 30 63 78 74 8 96 18 38 61 74 92 99 19 59 73 65 72 74 84 45 31 50 15 93 48 60 36 62 40 52 73 91 27 84 8 5 88 49 84 46 24 56 30 32 99 26 20 24 66 28 29 64 67 64 83 40 16 99 1 83 57 37 39 83 5 8 92 88 33 36 35 9 29 60 41 69 85 76 44 43 
41 62 32 27 29 45 53 3 50 13 98 39 99 9 85 33 13 66 81 85 11 3 79 63 71 0 89 20 27 66 2 69 5 2 99 88 80 94 20 45 68 38 85 98 42 48 93 19 14 49 43 78 47 5 40 60 26 75 90 43 27 63 60 2 47 26 60 21 68 94 35 42 8 67 33 12 11 51 58 96 24 54 30 31 44 87 26 5 55 33 41 49 1 23 8 59 73 93 90 45 
54 45 33 90 21 3 98 50 81 28 57 72 7 3 43 54 90 35 30 85 36 71 21 31 15 83 49 3 10 16 49 68 52 63 27 34 44 38 53 27 12 10 53 71 12 63 33 13 89 63 23 0 31 4 30 63 23 97 35 18 27 85 14 42 24 80 51 0 95 76 85 79 12 42 90 34 38 86 36 55 30 26 65 39 16 96 12 39 87 3 39 68 81 46 43 76 18 17 88 3 
12 42 2 23 5 85 32 84 33 9 36 77 16 69 97 36 85 95 68 34 30 56 12 69 49 26 14 21 28 69 70 36 46 7 24 94 36 88 55 29 30 82 2 57 71 78 10 81 84 66 9 9 81 25 26 54 18 1 55 53 36 56 81 8 66 95 92 8 28 78 56 25 7 75 85 61 31 99 44 74 72 55 67 70 26 65 1 6 96 32 72 57 37 43 86 84 58 78 60 33 
25 68 46 81 66 40 53 68 17 23 23 69 93 96 23 47 63 12 6 21 40 30 95 39 11 81 68 7 92 81 2 21 52 20 21 52 54 11 90 74 67 91 24 36 43 37 7 47 15 54 96 84 89 55 31 89 86 34 59 6 19 7 74 73 84 80 94 14 36 74 33 60 71 94 69 94 99 72 33 31 75 63 7 26 99 83 76 78 11 22 43 91 44 48 78 40 13 43 91 23 
26 32 33 57 33 7 0 79 88 19 64 5 33 60 27 63 78 75 71 95 13 10 53 24 17 9 40 22 15 57 58 20 58 69 22 77 39 57 77 79 54 41 17 99 51 48 25 59 83 42 10 42 8 80 72 16 8 12 99 4 14 15 59 96 79 22 88 84 95 17 2 63 26 54 87 20 84 47 88 99 20 76 3 45 57 2 96 64 4 99 75 53 55 32 36 91 22 41 32 59 
56 45 5 50 47 87 54 61 97 30 88 13 80 89 10 8 38 56 45 42 5 25 9 21 93 36 87 62 65 96 37 96 59 83 25 44 77 23 18 64 40 15 9 51 0 74 73 17 17 44 84 16 68 95 88 8 40 71 23 15 78 38 39 45 58 58 86 66 96 26 23 23 48 8 24 45 73 42 86 14 5 48 28 93 24 68 20 66 21 2 4 44 41 4 90 70 27 7 97 82 
28 76 70 13 69 64 51 9 40 85 92 18 67 67 77 38 29 79 25 28 11 8 78 20 16 45 59 81 85 60 81 82 54 6 70 95 7 52 29 45 88 15 51 69 82 21 47 93 83 23 44 13 34 49 6 36 89 97 29 76 36 56 46 34 1 62 55 75 43 59 43 0 25 93 8 87 78 7 39 88 7 1 31 21 66 73 67 30 55 44 68 70 5 87 84 24 77 78 5 15 
80 56 98 38 76 94 85 81 35 75 0 34 36 39 61 37 67 9 21 60 98 22 28 60 59 93 67 90 47 66 85 90 98 34 47 12 44 78 28 2 49 27 30 91 90 44 87 96 46 36 49 33 82 16 78 24 22 3 24 51 85 24 74 61 1 58 93 85 89 25 65 58 69 79 13 72 69 68 82 46 94 82 77 42 56 29 69 60 30 88 58 43 21 2 72 34 38 86 25 5 
83 60 2 70 22 29 14 4 30 55 35 91 87 59 87 57 51 13 69 47 40 8 29 18 99 95 24 71 44 21 77 72 83 26 69 40 88 95 16 99 72 26 85 47 50 31 39 72 83 69 30 17 87 3 46 81 77 19 28 79 67 51 39 3 95 51 41 62 31 44 19 85 83 20 89 83 26 11 11 27 48 84 53 83 95 34 64 19 69 39 98 55 75 12 46 60 77 79 10 71 
96 92 72 75 63 93 17 82 7 26 65 76 31 58 89 8 0 8 59 32 2 2 65 69 21 93 51 29 69 71 88 56 14 72 73 60 33 53 59 12 33 57 48 29 95 43 74 4 59 49 55 77 52 72 10 19 36 65 92 74 93 2 0 23 97 35 40 88 96 21 22 58 65 98 52 76 56 43 24 71 74 33 93 53 48 65 95 44 4 80 23 9 23 0 57 26 42 81 4 51 
36 4 26 87 45 31 93 60 78 75 44 54 67 85 63 16 0 78 70 73 93 11 47 36 82 9 19 5 27 90 18 30 57 26 12 83 31 15 96 66 10 42 49 15 78 12 75 34 70 26 31 12 20 76 16 34 78 22 27 46 50 66 76 84 12 24 35 14 99 31 76 40 83 96 43 4 25 74 21 27 1 73 92 23 52 49 3 71 0 50 76 23 91 58 32 93 36 56 67 64 
7 41 25 37 81 6 74 17 82 11 71 32 22 99 51 81 73 50 27 96 55 53 10 23 44 97 17 17 81 60 96 2 65 23 24 29 33 54 15 32 68 16 19 36 76 4 87 79 15 81 92 72 67 75 85 86 91 35 48 1 83 95 31 11 32 8 67 76 21 14 13 47 24 64 72 7 91 69 32 91 99 64 50 51 8 77 81 32 27 73 55 39 63 98 22 59 48 8 68 19 
79 2 72 77 68 11 22 34 43 57 66 79 88 38 74 29 35 34 91 2 64 26 24 78 87 92 47 31 74 52 87 13 86 52 76 51 74 1 10 83 28 85 54 50 2 55 15 90 22 74 90 83 34 26 86 11 78 84 94 26 16 19 34 66 43 18 94 47 61 91 59 76 91 47 75 33 73 19 45 99 59 41 6 79 82 25 58 84 69 97 33 64 36 37 75 2 28 35 76 99 
1 24 45 85 91 61 29 34 86 19 16 39 86 96 48 15 71 56 39 55 14 36 54 77 42 86 53 62 43 87 25 18 83 56 24 24 72 90 60 47 40 26 33 75 25 13 75 25 13 1 44 6 47 59 96 85 92 63 64 69 36 79 58 68 78 31 72 35 31 82 1 83 87 92 83 89 86 91 99 67 41 94 8 97 90 37 15 21 28 79 52 31 69 93 45 30 74 6 46 1 
74 2 67 99 27 90 34 47 88 35 44 80 29 19 44 38 11 94 16 36 9 62 14 4 60 67 68 99 7 56 21 26 67 65 18 37 77 38 42 64 75 43 54 85 79 42 22 27 28 2 90 30 11 60 61 65 40 85 98 23 34 73 53 62 86 67 39 59 4 42 44 72 68 21 90 52 34 13 21 39 11 18 73 24 59 2 21 1 57 49 84 66 57 97 87 82 89 56 24 40 
92 58 58 88 42 0 27 39 59 99 9 71 47 81 89 49 95 98 75 88 75 77 96 73 35 89 10 69 58 32 55 73 73 52 22 42 85 21 93 18 65 48 2 97 5 15 43 57 77 46 81 15 11 40 84 42 69 56 98 27 16 8 63 64 68 82 24 52 5 45 97 7 48 29 33 51 35 24 26 48 17 26 53 24 64 54 19 87 80 22 75 45 11 15 29 11 8 51 34 50 
59 17 98 48 56 24 17 40 75 33 74 42 37 64 55 5 46 24 82 72 9 64 50 21 36 2 84 85 77 79 70 82 53 96 8 96 85 67 22 93 44 81 11 72 47 42 29 97 57 32 43 7 75 4 45 45 33 99 72 83 75 38 39 50 77 27 51 87 48 42 28 56 79 56 9 21 6 87 5 61 46 16 20 26 83 52 70 21 0 88 61 11 55 81 26 69 39 68 71 77 
40 79 36 55 30 67 57 25 22 80 94 67 44 59 16 8 87 67 49 31 13 32 95 63 16 79 33 3 93 65 29 7 41 32 29 37 67 0 62 69 88 47 60 9 99 66 48 50 93 90 56 49 30 15 75 14 6 20 50 69 49 77 68 96 15 64 39 62 45 97 45 20 46 38 79 58 43 20 50 30 56 79 49 26 33 66 12 93 29 9 12 66 94 49 12 84 75 27 82 75 
97 13 44 94 55 12 48 39 25 25 40 14 12 8 35 98 81 0 38 38 34 64 8 42 4 7 74 92 16 22 59 71 9 89 49 27 56 49 78 26 76 97 21 81 50 4 6 54 50 81 65 79 88 91 72 29 0 61 13 58 86 64 85 94 51 79 67 35 42 14 97 9 12 72 10 27 41 8 3 60 36 25 94 23 75 78 26 44 25 38 37 72 46 85 92 72 10 25 18 55 
22 82 54 64 30 71 76 1 41 10 17 38 84 29 4 63 63 27 73 17 99 51 74 5 10 37 64 18 86 83 43 2 55 17 40 45 12 61 4 66 18 20 88 91 21 39 91 9 1 28 33 66 30 22 0 46 40 52 66 59 68 23 29 12 81 99 66 94 24 26 61 34 97 61 8 72 55 89 4 87 56 16 11 23 43 33 44 66 52 15 49 39 23 3 84 2 29 57 67 2 
81 71 0 1 81 78 85 84 51 27 5 72 80 79 26 34 76 75 45 52 72 57 77 86 3 30 28 7 38 70 48 77 80 47 87 52 58 93 76 79 52 15 76 93 5 89 82 69 87 93 31 47 82 30 66 81 12 92 2 43 68 66 75 7 3 22 76 77 32 48 24 29 50 3 48 20 84 99 99 39 48 45 47 68 9 99 85 15 3 29 60 78 27 57 91 1 16 80 66 63 
92 2 17 50 57 22 70 51 48 80 14 80 17 77 51 57 69 83 81 68 43 66 8 64 75 76 60 50 34 25 78 35 8 64 32 83 69 84 68 61 49 20 14 5 0 16 53 1 22 78 54 0 20 6 70 70 21 97 59 94 22 10 78 42 2 24 92 11 95 90 60 75 87 56 3 81 20 39 81 4 85 4 21 92 2 5 16 11 56 19 50 89 95 2 84 81 14 24 73 38 
