83 58 77 88 58 20 19 40 77 26 10 71 0 34 0 49 95 63 21 6 69 71 61 24 26 1 99 70 86 92 15 82 72 78 84 84 20 54 71 69 89 11 22 13 36 50 14 5 39 80 6 58 43 90 82 64 98 3 57 27 38 46 79 18 72 52 32 87 54 66 22 84 38 98 11 1 0 21 21 8 60 88 68 20 17 47 88 34 3 59 56 15 46 29 84 23 9 85 20 32 
80 73 70 69 74 87 0 68 45 94 44 68 4 49 58 20 40 87 62 42 16 93 47 56 19 48 77 39 86 28 24 71 71 77 22 57 35 94 1 29 1 97 91 51 37 9 52 34 70 69 76 81 29 14 30 24 79 24 90 17 27 53 44 8 14 28 43 98 73 84 71 12 54 15 51 69 39 96 35 91 57 33 15 26 54 45 90 10 72 31 40 98 73 13 25 96 77 30 76 94 
18 8 52 1 67 75 30 16 8 20 14 33 28 75 13 1 52 94 26 87 86 55 90 32 42 42 98 34 16 65 80 61 28 62 6 28 24 25 54 74 90 11 9 22 28 4 61 82 98 17 90 9 95 71 56 61 12 30 75 10 68 3 38 97 34 99 72 74 26 61 95 70 84 80 24 2 19 78 92 62 52 23 82 86 61 32 70 36 35 12 52 25 51 59 71 56 88 81 11 2 
56 31 11 52 39 55 83 99 47 75 91 47 59 3 87 37 87 12 81 98 85 9 78 65 39 69 29 1 95 26 66 96 46 0 76 81 49 49 91 91 7 55 63 99 77 97 71 39 1 97 88 65 52 23 80 0 52 85 71 52 70 34 60 53 44 79 45 4 64 89 67 73 80 24 27 58 84 29 53 46 11 62 39 43 7 8 74 81 24 8 41 73 49 51 72 87 87 68 26 85 
47 87 51 21 92 80 19 14 7 40 66 32 74 28 98 19 6 35 88 45 45 89 35 17 84 79 91 64 22 12 43 0 15 39 32 96 57 62 92 45 55 89 95 20 97 33 50 98 90 89 35 43 86 96 62 83 44 33 95 32 49 10 37 13 62 21 13 9 70 30 49 42 23 48 73 51 40 99 58 34 13 40 14 42 99 13 85 55 80 45 43 21 84 6 63 73 38 30 50 52 
76 97 74 46 87 41 51 11 44 1 38 65 49 10 1 33 89 9 48 66 28 31 43 81 96 32 29 39 6 77 47 5 38 18 39 83 39 45 30 78 99 24 54 78 54 67 96 13 42 67 11 98 4 24 87 43 63 36 92 91 15 90 92 61 67 5 97 95 91 14 60 71 47 42 91 78 98 65 44 72 96 23 55 53 12 39 20 87 24 15 27 94 27 82 58 62 94 50 14 41 
36 58 75 67 48 9 12 20 7 74 76 41 39 94 3 82 5 76 65 46 24 48 22 59 92 80 0 38 96 98 80 61 17 1 94 52 72 32 65 39 52 13 4 76 73 14 3 18 14 84 66 34 64 99 17 14 73 28 54 33 35 40 63 16 94 49 17 68 49 32 50 26 89 54 24 77 20 37 15 44 96 62 48 17 61 17 4 7 51 90 45 5 57 52 49 45 43 60 61 70 
50 83 84 50 90 81 17 65 51 63 84 92 13 26 53 74 14 97 24 34 56 11 8 0 25 26 8 76 61 9 93 66 35 3 61 33 12 67 46 7 50 74 37 14 23 8 75 6 8 87 32 40 38 49 31 77 16 75 91 49 87 21 97 45 44 3 68 77 94 31 59 91 58 8 86 10 57 56 21 60 5 83 68 88 92 54 22 16 28 89 70 57 17 66 41 14 2 0 66 41 
92 41 16 49 94 80 92 65 35 39 84 0 59 65 25 59 35 18 33 42 4 78 30 7 28 6 10 29 52 36 40 58 11 85 66 70 94 94 65 10 26 4 75 74 1 34 41 47 29 19 37 66 8 70 74 59 78 12 3 62 82 29 87 86 42 68 72 21 46 98 67 29 81 51 50 14 16 33 6 98 88 87 89 16 52 39 54 21 45 45 4 6 37 57 90 28 89 41 46 22 
54 97 9 90 0 61 53 69 66 26 64 75 79 33 93 68 97 47 74 18 56 75 81 64 39 72 14 36 76 8 52 42 39 74 20 42 71 68 76 70 5 30 33 58 47 85 38 51 22 1 19 92 88 96 86 60 30 12 73 18 7 89 3 31 4 29 42 20 95 54 28 97 64 72 91 44 90 88 63 7 91 61 59 69 99 47 84 2 70 67 69 59 7 21 30 27 37 14 37 40 
22 18 36 51 59 0 93 43 90 37 20 98 80 72 80 57 35 52 94 11 97 76 13 66 15 91 45 49 7 30 84 35 90 9 40 43 59 78 47 53 10 44 49 68 54 25 86 46 56 88 17 62 5 60 74 91 51 67 44 66 37 64 12 55 15 94 68 41 43 86 41 86 99 37 6 43 24 96 27 14 36 42 35 43 33 25 30 6 24 5 76 28 95 80 28 2 67 21 61 25 
47 89 52 72 19 28 60 69 18 13 9 52 5 58 18 62 41 61 51 32 89 6 68 73 37 99 95 92 96 22 46 59 87 66 35 89 20 46 2 5 48 85 15 69 38 24 81 8 69 71 48 40 18 93 68 52 32 87 60 91 5 81 63 60 28 81 30 68 65 34 68 95 79 3 17 55 95 17 60 88 78 12 90 18 67 98 72 2 66 30 80 17 46 63 41 91 21 83 30 21 
3 89 15 0 54 79 68 20 52 92 72 90 71 22 55 2 8 46 61 74 13 95 69 69 20 51 86 0 98 99 38 77 96 21 46 31 69 37 35 55 6 25 16 90 44 23 13 49 98 3 98 3 25 67 86 31 46 9 92 20 75 45 14 14 26 92 49 48 68 21 6 36 64 72 44 9 2 54 75 62 76 91 95 44 4 13 11 3 60 22 35 97 53 85 30 98 92 81 96 95 
84 92 17 88 86 42 24 54 71 72 41 61 98 13 48 30 8 53 4 70 10 88 73 65 14 31 10 41 38 16 44 33 92 25 52 86 16 58 73 81 25 47 28 86 37 90 74 47 36 51 10 31 69 89 48 4 92 48 27 37 33 10 95 72 56 13 84 22 15 28 90 30 24 1 67 90 47 56 32 98 12 95 56 2 19 25 55 12 71 15 40 0 88 21 39 6 20 30 64 72 
26 8 95 26 6 73 6 44 70 1 70 35 73 54 86 20 31 78 66 71 81 32 21 25 67 31 80 47 81 6 29 93 9 75 20 72 65 20 9 36 94 92 52 94 38 75 96 63 54 14 9 12 40 44 95 92 86 68 72 53 18 16 29 28 73 51 18 28 40 12 61 70 25 18 91 60 79 62 31 69 57 16 93 15 47 14 32 66 42 74 89 38 91 52 70 1 12 79 19 30 
59 39 93 67 85 13 50 36 80 99 82 54 61 16 77 49 87 90 94 22 82 47 18 93 49 91 3 88 4 80 45 71 26 72 53 66 13 99 41 6 49 87 97 84 65 62 37 24 90 36 85 60 38 98 63 62 50 92 64 14 8 95 28 89 70 36 5 87 33 79 28 74 71 45 36 9 22 55 98 74 74 32 95 56 22 87 81 42 76 31 42 21 69 85 18 75 62 65 34 66 
50 74 60 25 17 5 76 64 66 10 34 46 6 43 66 74 35 95 74 8 22 68 36 35 77 89 17 2 62 17 3 28 86 19 96 62 39 56 80 97 83 59 7 41 34 48 21 95 56 49 32 20 33 80 2 64 78 64 76 92 11 31 28 40 15 33 52 69 78 60 24 76 8 19 92 70 59 43 0 14 49 93 27 22 3 25 72 98 32 16 28 51 99 64 41 26 93 55 24 83 
85 7 37 18 93 88 82 33 64 45 59 75 62 23 13 11 14 82 70 15 49 39 23 38 36 50 59 54 58 38 25 22 32 28 61 90 39 16 83 78 81 49 7 11 60 84 28 93 93 40 29 38 55 72 63 90 46 15 77 49 0 84 18 56 71 44 94 76 33 3 57 1 94 35 67 65 90 70 27 66 53 44 4 12 93 40 99 64 3 30 79 78 58 48 83 36 6 54 11 9 
7 95 80 55 36 67 11 1 48 95 82 6 20 55 64 91 91 49 63 69 33 84 97 65 88 98 84 67 94 41 9 71 81 94 42 67 22 25 32 31 50 19 82 71 44 80 59 53 25 25 8 92 43 47 80 46 63 22 34 63 2 44 62 64 23 15 21 53 20 42 69 51 61 52 97 75 16 80 63 57 24 75 1 42 57 77 26 10 37 57 28 98 19 44 36 39 54 90 40 78 
78 29 77 10 28 60 49 45 53 97 59 43 27 55 26 5 51 45 18 28 52 22 14 88 47 11 39 61 5 3 11 57 97 50 67 99 47 50 10 89 13 93 83 72 98 74 15 91 82 8 85 52 96 21 88 3 76 28 65 81 65 51 58 22 60 54 60 34 66 86 34 4 10 7 24 83 45 23 89 87 93 68 13 22 75 74 31 29 41 63 28 99 32 85 90 53 99 4 30 12 
18 81 27 33 39 67 81 36 97 42 78 2 40 83 96 59 11 50 38 33 62 68 86 31 60 69 34 14 98 12 0 76 82 94 44 68 81 18 10 39 61 55 37 58 0 92 88 66 11 36 89 3 80 44 86 45 84 88 98 90 90 42 78 90 90 5 21 89 95 51 79 53 33 3 63 61 27 16 17 99 63 36 48 39 77 10 53 58 56 73 75 76 57 42 21 34 22 74 15 89 
60 74 40 49 22 45 41 34 67 93 33 26 7 70 96 62 59 98 1 37 77 40 39 88 33 77 35 69 43 81 64 10 7 15 98 55 86 85 40 18 76 13 2 40 0 7 60 7 82 29 57 30 98 53 84 91 34 26 78 9 0 87 22 83 81 19 4 79 39 51 43 35 28 15 71 40 13 2 56 26 80 1 97 73 23 64 53 99 26 85 90 84 25 71 29 81 76 40 94 46 
40 16 51 91 81 20 73 50 2 23 44 87 43 68 17 83 68 70 71 10 59 71 61 6 30 93 71 1 38 61 89 30 98 35 14 45 78 34 90 7 8 58 41 11 6 97 30 59 70 22 13 40 0 11 65 69 16 66 54 88 66 3 92 93 39 52 66 34 75 11 20 65 18 76 42 65 89 5 27 17 79 52 39 19 98 21 25 23 94 85 33 65 33 43 19 7 9 23 26 48 
48 26 46 62 72 32 59 69 65 94 20 26 65 9 57 97 19 29 49 27 96 62 12 80 5 10 10 98 0 57 26 29 54 0 33 53 26 94 88 59 53 82 5 68 80 23 27 37 13 51 93 29 70 57 48 58 93 11 50 8 22 8 51 32 36 3 27 75 20 83 46 20 57 5 91 77 90 48 58 87 47 16 98 26 81 83 75 78 93 75 41 28 69 55 36 29 50 25 98 14 
75 69 60 87 97 77 9 5 17 79 41 80 69 39 87 28 8 66 19 32 49 40 69 3 16 51 97 45 73 73 25 44 66 38 10 80 77 36 99 14 92 1 88 62 48 16 68 65 51 88 84 64 26 4 6 87 91 5 34 87 27 0 40 52 13 61 60 68 86 65 93 26 3 13 87 67 31 28 30 53 54 9 56 3 67 74 34 26 38 10 0 75 22 12 92 75 57 91 23 69 
59 32 0 72 19 95 19 74 18 6 47 50 86 7 9 91 36 10 59 75 18 37 94 17 50 99 80 67 53 98 62 53 84 89 15 36 23 15 39 16 61 62 9 38 90 44 30 59 9 89 0 78 38 79 68 38 49 32 20 66 41 68 57 71 98 37 82 18 83 21 91 8 57 28 92 12 34 31 23 80 19 2 25 28 26 42 54 9 13 68 8 27 77 4 4 60 56 27 30 3 
19 14 0 14 25 16 50 52 62 64 45 15 41 93 23 64 94 52 4 86 49 9 29 55 65 95 84 38 26 59 1 22 0 9 8 82 61 59 25 55 75 88 98 77 7 22 93 46 67 48 19 77 49 13 14 68 30 75 60 7 96 54 25 27 9 70 77 76 85 68 40 31 52 30 40 25 93 66 91 82 88 55 50 39 21 19 11 40 43 98 12 55 39 10 13 51 50 50 47 13 
94 75 35 47 57 70 75 72 96 15 17 97 85 79 98 43 22 48 84 58 28 35 68 80 5 81 58 76 39 43 76 24 7 61 67 44 6 68 57 8 95 15 60 2 35 46 45 45 95 38 18 59 90 7 77 72 68 66 6 72 12 35 74 21 88 20 10 87 28 36 92 79 18 58 86 85 96 31 93 21 96 47 44 97 52 81 34 30 48 18 51 55 22 26 68 73 53 2 54 89 
5 3 67 80 77 18 85 90 46 22 93 60 2 78 10 78 86 44 19 42 79 3 5 23 36 62 66 91 71 71 74 45 68 48 86 19 69 25 25 42 12 28 45 33 3 88 80 89 48 35 96 8 51 7 94 62 75 45 60 75 56 5 59 3 98 32 74 93 73 86 24 83 71 40 34 32 73 47 39 35 10 39 78 49 67 66 96 3 69 22 27 73 42 38 16 24 25 65 65 77 
49 94 20 71 50 66 27 61 72 45 50 34 97 26 28 0 47 94 74 98 8 93 58 49 13 13 1 55 63 77 86 99 77 59 32 50 24 62 40 13 38 21 29 28 12 83 26 13 64 61 36 47 59 6 29 20 99 62 90 24 79 47 70 3 86 75 28 74 88 69 9 59 33 64 8 68 47 14 68 56 68 86 46 35 38 30 32 81 86 66 71 11 50 35 6 49 55 17 97 89 
51 46 51 23 96 12 36 27 39 3 35 50 34 1 49 93 18 12 12 48 73 55 53 12 78 86 35 82 12 45 6 86 75 65 33 77 51 87 44 91 78 91 22 30 11 26 36 5 46 84 92 54 9 43 59 8 5 30 44 29 70 68 75 6 35 86 71 46 74 28 48 66 70 61 77 80 40 62 87 72 94 63 48 45 60 94 61 26 2 77 69 35 23 13 40 7 91 14 1 1 
58 92 80 40 39 17 97 37 6 60 30 76 78 47 41 19 76 86 52 46 10 91 35 90 53 56 22 99 87 8 8 66 74 81 89 15 55 47 60 87 80 88 10 87 35 86 77 28 24 53 2 33 30 46 45 76 19 89 55 73 84 76 22 81 82 53 5 81 76 20 96 64 50 62 86 52 15 12 50 98 20 6 5 30 11 8 87 84 2 89 93 5 57 6 65 3 91 79 47 40 
73 91 20 55 53 87 70 40 20 75 4 47 97 77 1 33 80 20 33 26 96 82 40 20 34 43 69 71 23 16 76 83 70 60 61 97 8 78 58 34 38 73 61 6 38 47 44 90 22 10 71 95 47 46 46 25 23 74 16 41 56 66 9 11 72 15 65 72 87 3 59 66 67 57 67 55 43 10 76 29 99 59 6 2 50 5 49 80 21 75 44 53 46 87 47 14 1 29 62 18 
10 15 68 88 93 23 13 94 60 48 56 63 25 58 61 75 86 69 68 93 3 70 68 64 67 18 69 62 31 17 99 86 81 80 97 32 87 23 39 4 58 61 20 55 31 87 72 90 81 32 39 57 29 0 89 80 45 48 8 10 18 87 73 13 21 84 75 83 97 22 41 48 52 91 29 18 66 42 28 75 49 69 15 79 8 55 57 92 87 79 78 95 0 55 62 18 33 95 76 8 
60 35 60 10 74 72 53 14 60 67 68 7 85 40 99 19 2 9 42 37 85 37 81 39 67 26 32 68 38 95 30 55 95 62 23 55 8 83 86 89 27 23 12 81 2 54 11 17 53 22 91 41 79 25 28 45 26 55 94 18 38 22 48 60 70 20 2 62 87 88 99 74 98 57 32 6 26 6 51 66 88 32 8 42 30 68 56 1 97 42 45 1 91 91 59 72 69 40 94 31 
62 68 17 45 54 30 84 44 39 36 75 40 52 97 42 30 77 0 75 79 21 44 99 71 64 6 5 58 61 70 37 74 29 85 47 35 93 52 5 5 68 72 84 33 36 92 28 81 12 47 87 0 20 27 18 95 77 15 16 2 64 10 61 59 8 21 45 86 29 53 18 48 94 23 33 53 51 42 82 13 44 80 39 67 0 81 17 61 71 23 35 37 49 44 5 67 64 40 51 32 
93 44 59 53 43 16 55 58 92 85 40 36 95 88 64 68 84 41 25 37 28 45 91 13 65 37 30 61 47 20 57 17 66 53 53 13 61 27 72 22 0 47 51 5 75 41 76 75 45 28 20 8 90 17 26 64 81 4 11 57 55 95 68 35 78 93 35 39 80 48 18 72 37 35 49 29 76 97 9 9 38 44 68 45 77 23 38 74 82 45 39 88 8 8 43 68 11 90 93 91 
42 55 48 17 46 74 53 94 4 27 78 41 3 43 80 64 55 64 71 41 71 9 93 65 68 27 54 11 96 59 35 45 77 9 30 79 19 38 96 42 85 88 79 91 28 28 89 1 82 59 83 19 33 94 62 55 21 29 26 44 14 57 45 29 63 53 17 4 0 17 27 28 94 14 97 63 85 20 5 45 61 8 20 71 66 50 92 41 66 12 97 96 27 33 32 56 99 12 12 47 
18 18 51 61 87 99 63 14 67 21 26 95 12 96 45 49 60 44 38 84 52 58 93 45 85 48 15 17 26 96 35 84 80 33 15 95 40 14 25 79 77 85 31 71 40 57 66 53 82 25 12 2 13 63 22 57 19 13 34 25 42 31 54 76 82 3 88 4 78 12 15 14 71 83 85 42 64 77 47 0 48 24 38 58 31 73 70 8 10 56 10 38 58 28 57 30 64 51 20 11 
76 67 82 55 90 0 66 26 88 23 97 57 63 57 93 68 5 54 47 96 52 22 46 70 70 11 45 70 91 53 13 57 58 1 25 59 21 7 4 93 0 80 79 40 78 24 68 29 87 17 76 99 31 74 66 44 90 25 73 4 2 97 82 28 65 85 92 61 4 55 14 94 36 83 69 18 93 73 7 23 42 94 97 48 42 88 6 40 15 29 41 61 25 60 63 2 55 8 15 17 
63 51 25 34 17 48 63 5 60 5 3 48 53 66 35 87 66 28 22 19 88 31 38 80 5 65 73 66 70 76 11 31 34 12 15 63 82 11 38 3 84 67 94 20 20 27 28 81 1 71 87 24 73 59 31 53 0 52 47 61 2 79 43 24 10 44 50 83 15 56 21 96 79 27 10 1 59 95 2 41 61 11 20 83 82 22 8 88 56 45 33 41 89 52 59 67 62 98 9 82 
57 84 92 14 83 66 26 41 3 66 96 63 9 62 61 4 76 79 37 46 96 21 67 16 93 88 27 80 46 78 21 26 91 14 43 79 48 50 67 39 3 50 67 27 30 52 31 51 2 74 39 33 1 35 34 73 21 89 28 35 67 4 0 37 57 14 87 54 40 61 76 7 23 49 22 29 50 91 69 33 88 99 48 75 62 95 33 52 29 13 61 21 16 13 76 14 7 0 51 91 
45 35 77 45 47 74 85 82 19 41 27 77 46 30 18 48 55 57 48 46 61 31 6 41 65 24 28 45 14 9 79 22 66 82 14 2 8 89 96 81 68 49 13 28 5 28 21 10 8 66 79 90 6 64 63 15 2 9 53 30 96 24 0 0 55 72 79 41 57 43 79 74 45 7 47 12 12 36 71 35 65 8 46 44 7 18 81 15 99 52 97 58 91 13 24 88 45 20 81 78 
58 62 7 22 47 96 2 75 59 79 42 50 51 94 14 12 88 83 58 30 49 26 26 96 87 61 13 6 23 90 79 10 95 64 71 4 21 43 65 8 62 99 85 64 45 45 2 87 58 30 77 63 55 82 83 28 54 2 10 87 89 34 49 52 69 13 43 84 31 92 40 91 14 58 36 99 71 38 11 72 39 16 35 34 41 24 33 26 78 22 12 13 95 49 83 36 94 19 16 6 
93 7 52 17 62 63 16 33 9 30 23 59 9 43 82 15 12 72 22 7 98 20 61 86 78 86 90 10 72 48 28 2 36 64 36 29 34 42 60 57 16 60 40 52 24 69 48 63 90 63 80 74 34 17 19 89 88 41 97 38 19 47 37 17 43 60 80 23 42 72 20 47 71 89 13 44 26 65 51 45 49 84 54 79 23 12 65 55 27 67 44 69 65 80 51 14 10 38 24 7 
83 44 32 60 66 87 42 6 73 88 23 17 45 3 41 90 83 88 92 35 15 94 92 2 64 60 24 37 85 62 88 10 68 2 85 39 46 80 12 62 72 8 42 83 48 8 51 96 57 16 78 61 50 72 83 49 79 17 98 19 65 9 45 74 25 38 45 8 69 43 22 84 83 15 78 32 84 4 18 96 94 13 85 17 22 1 75 11 95 33 32 3 33 74 50 97 67 29 66 11 
13 33 24 97 78 48 10 67 24 74 53 42 31 13 57 71 62 95 80 34 10 72 62 85 17 1 8 87 56 1 20 5 5 56 18 72 18 28 71 8 56 58 21 39 25 35 20 40 58 88 20 84 42 44 48 13 33 54 37 2 6 97 89 65 22 38 57 1 42 93 75 96 89 41 32 37 79 79 88 23 43 27 5 9 90 51 31 16 46 10 47 92 76 10 79 83 22 18 72 88 
42 1 24 49 9 25 52 6 45 29 88 36 4 80 62 39 70 36 98 4 35 95 89 12 47 49 41 67 51 56 15 58 27 23 97 41 58 0 60 97 28 22 96 15 41 63 67 92 15 99 25 43 32 59 3 42 81 7 11 78 1 25 86 50 87 80 27 23 92 33 53 15 15 41 8 9 6 73 76 63 76 53 37 45 85 94 78 43 56 95 10 22 82 48 38 20 64 78 28 68 
13 13 77 10 78 86 69 85 68 61 2 0 17 92 37 72 91 10 16 58 35 38 73 25 88 1 1 8 50 39 34 62 47 42 62 84 1 78 6 59 46 59 68 4 90 34 85 70 97 73 75 47 63 78 20 63 30 40 97 39 51 70 92 79 33 6 87 25 56 15 63 0 8 84 18 21 60 43 53 2 35 90 59 22 2 9 19 26 32 6 58 84 61 24 34 38 27 44 17 99 
32 51 68 22 70 99 77 49 78 61 33 80 85 93 22 76 98 74 59 92 6 58 66 99 19 7 77 44 34 73 30 28 64 85 34 95 4 88 19 4 8 90 30 1 12 59 2 19 46 33 6 16 13 68 59 92 17 9 52 83 8 99 92 11 41 38 20 67 27 51 6 16 34 9 3 43 63 83 22 81 59 95 82 11 28 28 84 20 63 1 7 61 59 40 46 36 97 41 70 4 
74 68 13 35 57 46 24 4 70 9 86 70 99 19 91 63 11 79 78 53 50 39 42 33 43 68 25 3 90 13 80 92 30 8 65 24 60 86 18 96 45 33 15 80 44 49 15 86 6 12 23 18 17 28 38 36 94 33 7 1 87 57 95 30 97 86 36 31 7 87 23 81 89 67 15 57 57 77 92 35 74 67 21 52 56 23 26 56 74 9 22 97 76 22 42 2 93 66 56 56 
82 35 65 5 13 72 40 60 83 80 9 54 58 68 55 13 44 64 90 99 18 46 17 43 30 10 97 40 21 65 65 12 86 58 84 99 49 59 30 65 84 16 2 0 50 24 93 39 35 71 26 20 50 83 89 7 99 40 57 97 97 49 53 98 33 2 2 7 13 93 71 69 6 63 24 16 63 89 20 89 39 85 87 24 10 5 84 78 89 44 32 4 26 0 34 62 25 33 61 26 
34 80 69 15 13 13 10 94 87 42 35 0 16 61 68 61 87 50 32 55 88 42 16 45 91 17 63 69 46 62 84 35 59 54 79 95 79 76 80 74 0 4 22 29 36 3 17 73 52 37 12 58 98 35 88 21 60 85 84 66 58 89 11 30 88 22 37 21 38 78 2 17 97 16 17 85 61 67 2 47 97 70 89 24 73 74 77 82 53 99 89 53 47 58 98 91 65 16 68 22 
64 30 32 30 87 71 69 55 98 26 4 20 59 1 41 35 52 27 57 94 71 11 55 42 12 70 22 46 59 45 42 72 24 89 3 5 28 40 12 48 71 67 22 78 29 3 66 97 87 79 58 9 64 53 73 33 70 68 70 44 81 39 13 33 27 33 70 50 34 16 65 50 88 30 4 95 11 59 43 61 83 96 91 25 70 73 51 75 19 84 18 44 95 8 21 17 71 20 70 26 
29 73 61 71 74 71 14 58 61 41 37 96 59 64 85 28 41 72 18 31 45 67 55 94 17 84 52 50 31 29 85 71 91 1 49 66 4 27 37 4 87 69 58 20 87 18 82 49 43 97 80 17 11 12 88 91 44 73 80 42 39 16 21 79 46 7 66 76 70 89 36 19 10 12 72 71 87 43 44 40 62 16 31 30 1 99 73 78 91 41 92 88 7 94 97 94 37 84 95 55 
45 93 27 77 37 25 58 64 95 5 51 33 33 78 46 52 84 60 86 87 86 99 92 64 96 54 81 70 92 70 37 45 87 95 74 65 56 76 45 40 0 22 61 13 40 45 18 81 39 39 15 30 13 7 37 67 85 72 62 53 87 59 74 33 6 36 62 20 40 85 48 46 5 98 88 79 88 71 90 33 2 5 69 35 69 78 29 4 70 8 7 66 83 22 76 64 58 71 53 96 
80 25 62 53 98 15 23 15 60 88 18 70 21 33 3 51 1 7 58 3 63 39 36 18 23 51 26 88 85 36 66 99 12 79 34 16 16 75 14 22 24 42 14 42 29 91 25 37 73 38 64 76 93 23 53 67 99 23 24 83 13 87 30 49 60 19 61 32 78 61 85 82 32 35 2 48 77 56 60 9 33 67 65 84 39 38 42 23 23 57 23 36 81 33 26 84 64 97 89 91 
56 77 85 97 21 14 27 68 97 95 78 28 78 39 35 69 29 76 8 9 88 97 54 88 81 93 23 90 13 86 80 60 70 39 5 82 73 79 12 67 5 52 5 41 90 80 29 25 75 79 2 1 37 67 37 29 89 71 0 73 46 69 17 91 57 16 57 6 59 46 33 59 2 59 17 76 0 72 83 32 74 9 61 60 30 8 4 65 62 59 58 88 19 18 61 20 3 59 69 84 
28 48 50 10 3 28 32 45 21 75 86 48 37 41 71 25 44 43 40 19 75 62 43 4 5 86 26 0 82 36 86 84 17 68 72 36 76 60 96 80 19 99 44 51 28 99 2 88 5 12 80 63 52 67 89 11 58 75 74 66 46 63 3 54 79 70 58 99 1 98 28 26 72 42 11 68 55 64 73 57 59 75 40 90 2 46 11 11 20 39 20 70 97 77 28 30 13 71 84 81 
15 74 4 78 15 47 27 43 19 91 52 61 29 5 20 71 15 23 74 95 79 17 93 48 57 29 25 29 40 69 75 49 96 37 48 85 25 42 10 5 95 92 96 71 28 93 73 62 33 35 24 64 41 26 39 53 97 19 39 82 26 14 73 15 82 14 65 5 68 8 2 29 79 59 35 47 82 79 65 3 16 73 31 40 28 4 88 20 37 32 29 9 25 6 4 11 21 21 14 88 
58 4 22 43 51 69 28 65 33 55 46 51 2 73 74 94 47 37 23 1 82 70 7 74 36 59 12 54 11 86 35 61 62 42 42 91 40 81 40 50 77 94 52 13 85 91 54 82 86 96 69 65 50 83 34 62 47 7 87 7 38 25 85 72 89 18 19 34 89 71 60 8 56 55 33 77 4 0 49 72 86 66 8 30 47 7 88 40 59 33 7 18 65 35 3 82 40 8 87 14 
30 99 89 1 96 78 55 51 19 23 61 21 33 85 70 34 93 92 63 24 23 33 95 20 45 95 13 37 96 45 4 61 39 74 46 69 8 19 37 24 70 96 5 0 37 7 70 60 58 40 38 83 7 59 95 92 40 37 55 67 20 36 42 19 81 90 3 38 52 55 79 3 82 43 45 61 86 68 1 13 96 2 6 31 63 76 67 34 4 74 21 20 61 77 87 46 67 89 77 82 
4 40 66 44 98 69 30 44 18 86 45 43 78 78 45 70 60 67 52 26 36 37 84 22 81 49 13 88 25 31 39 28 93 52 65 87 6 29 59 2 23 67 64 20 24 88 85 16 16 64 9 0 16 38 67 87 62 11 39 4 36 26 41 17 94 47 92 89 51 95 48 74 72 29 41 96 71 65 1 3 1 16 14 5 13 9 10 78 3 75 5 6 58 32 87 7 67 63 15 89 
55 23 93 12 57 11 69 73 74 28 22 81 99 22 27 4 10 62 38 75 17 69 32 55 41 60 94 40 88 62 19 43 60 86 79 56 83 30 62 5 69 45 58 17 44 65 89 81 39 30 89 39 2 74 59 94 44 70 0 75 86 83 71 91 26 71 37 27 72 92 50 91 76 32 39 95 22 44 59 33 16 92 89 16 4 48 38 51 16 3 91 52 4 83 87 90 91 18 15 28 
30 16 16 19 99 26 41 47 68 8 81 6 10 44 46 4 90 37 77 34 15 54 71 0 34 36 3 47 49 47 45 15 13 70 85 25 95 78 26 58 34 23 80 34 68 3 46 83 73 73 96 8 55 31 22 58 53 0 36 50 39 99 76 56 27 78 39 26 63 20 72 95 89 72 30 65 22 96 99 11 83 62 68 79 67 94 18 86 55 50 52 7 21 29 7 76 62 73 9 93 
28 73 6 6 16 19 25 29 92 71 28 6 2 2 80 45 60 20 42 24 50 75 37 75 3 41 86 78 89 78 39 10 24 35 72 28 19 49 9 76 75 60 73 27 93 4 4 14 64 0 66 65 65 17 91 25 74 91 45 14 32 61 61 45 73 28 66 7 82 92 4 69 54 7 58 54 73 64 61 48 25 46 75 52 77 66 64 81 45 52 33 24 63 42 88 55 78 83 65 81 
74 66 88 56 97 45 24 52 36 27 90 57 70 82 4 41 45 97 58 83 72 47 49 29 71 58 83 71 59 53 96 30 45 2 20 38 52 21 26 32 32 52 79 68 48 52 41 8 80 34 88 88 32 44 41 32 63 96 58 13 89 73 39 56 34 17 76 25 88 31 40 90 92 87 32 25 85 49 54 14 9 18 91 35 79 35 73 89 27 60 77 49 86 59 86 9 22 10 12 87 
83 56 55 38 29 92 37 89 27 16 64 97 73 40 49 80 91 93 30 36 4 34 21 68 88 47 50 56 78 29 9 68 75 59 78 40 41 79 35 71 70 46 5 51 2 72 64 63 60 37 74 30 81 91 85 37 51 53 90 45 23 6 22 2 80 88 64 9 10 77 45 31 92 81 31 52 71 74 19 9 24 75 24 6 98 50 17 8 41 82 86 12 56 25 27 35 60 39 92 40 
31 97 71 13 91 15 46 90 40 19 82 88 9 27 9 20 11 47 45 50 48 49 66 74 98 19 85 34 69 60 47 45 89 68 38 78 41 23 68 75 53 66 70 27 58 66 79 8 60 2 18 81 43 22 39 98 15 3 70 79 38 48 39 89 10 0 49 68 9 33 99 98 71 87 18 95 27 15 64 59 34 20 31 39 78 53 68 64 93 9 76 34 52 82 23 83 12 91 92 14 
72 86 94 36 69 6 42 18 24 10 14 12 72 52 96 7 26 43 29 77 35 54 10 16 73 62 7 23 58 16 39 57 92 77 21 11 75 0 10 66 42 43 97 51 62 2 45 90 38 11 19 83 57 68 33 56 55 33 48 89 29 71 10 58 48 46 1 33 97 24 7 65 88 51 23 16 13 91 91 38 86 89 12 52 96 69 20 34 97 58 52 9 55 69 78 62 68 21 1 61 
32 86 31 55 54 89 62 96 12 21 97 21 58 98 74 67 3 57 62 83 79 53 45 64 86 36 66 28 32 79 9 3 87 10 69 58 13 97 93 94 99 46 75 91 22 36 12 93 14 46 38 50 38 46 98 17 17 86 42 36 69 79 93 52 90 5 54 80 91 63 17 30 62 37 89 50 67 57 23 49 45 2 69 99 89 53 4 80 97 15 31 11 58 97 74 15 86 93 35 44 
30 60 80 8 41 79 20 52 64 60 49 67 0 8 69 14 64 3 34 82 56 97 36 64 59 57 86 84 97 17 17 59 54 75 16 53 25 42 63 96 65 66 20 31 64 96 61 91 79 43 12 2 44 30 13 55 20 39 19 67 5 66 79 11 69 48 72 32 89 80 98 38 43 74 47 41 72 82 53 79 35 37 46 4 88 57 98 96 2 68 73 93 1 81 26 42 37 67 49 1 
85 96 89 10 49 67 91 82 9 99 73 9 15 34 92 32 72 42 47 48 84 19 66 33 62 87 72 75 29 73 25 97 90 79 49 1 23 16 95 53 9 30 30 29 51 61 59 51 93 30 33 85 62 21 4 47 47 91 87 83 5 85 70 42 23 95 9 10 49 70 54 70 58 39 15 72 27 34 2 39 98 48 43 6 80 12 6 75 67 18 54 56 5 75 63 6 23 66 13 25 
0 99 15 1 23 43 72 84 76 49 61 26 51 40 49 84 35 90 72 46 85 6 5 32 22 35 36 44 49 96 25 14 62 86 35 63 92 40 58 31 13 54 61 92 0 70 72 80 6 62 59 66 6 17 29 70 63 34 6 93 70 3 26 98 73 67 96 23 98 48 83 29 6 78 8 31 10 14 51 7 21 88 66 61 60 54 89 75 20 63 4 75 80 93 79 76 21 58 89 97 
60 31 73 72 3 36 60 57 60 69 6 92 92 45 81 39 22 46 37 37 34 58 78 28 14 17 96 68 40 28 26 86 46 39 71 46 73 92 57 65 50 46 77 44 16 92 40 58 20 95 73 30 95 43 60 71 96 79 9 11 20 28 3 4 8 70 2 46 62 59 21 3 92 74 84 57 4 37 95 28 30 95 50 41 13 91 35 77 99 99 63 23 64 26 29 89 83 75 41 88 
72 68 62 32 19 95 0 9 84 8 83 40 13 21 67 47 80 89 30 32 77 14 21 38 92 7 67 57 85 18 48 5 87 31 67 66 78 75 12 27 36 82 23 71 12 61 40 2 34 9 97 10 72 43 63 11 9 37 61 38 20 83 31 7 37 80 12 99 65 89 92 55 89 49 20 75 87 92 73 12 69 7 68 62 40 58 53 11 1 70 71 86 4 35 50 64 8 95 54 47 
96 33 29 54 54 56 56 98 14 69 15 36 92 56 56 61 51 43 4 20 38 5 10 32 7 57 14 55 31 41 31 36 68 20 94 35 95 60 37 31 54 68 32 78 27 43 96 93 63 71 79 44 44 63 37 28 79 13 82 13 91 29 1 80 96 77 7 90 56 2 14 14 18 45 10 95 50 40 0 64 47 93 58 34 85 75 32 6 23 56 30 17 18 91 39 42 76 48 76 99 
66 79 91 76 30 9 85 94 86 71 36 29 59 13 37 59 51 92 87 51 91 81 50 67 30 76 2 34 56 97 85 86 72 98 53 88 71 83 3 31 42 41 85 57 8 83 97 38 45 53 83 30 84 71 51 43 94 11 29 53 69 0 43 64 34 20 71 78 63 75 34 46 10 37 78 70 12 76 1 6 87 71 11 91 21 29 24 77 26 44 76 78 94 86 37 60 33 87 97 86 
52 9 61 96 31 31 99 38 81 11 93 50 82 84 51 3 2 0 81 86 59 39 19 5 27 2 72 19 95 25 67 5 65 94 20 20 95 47 44 84 35 56 73 3 49 75 64 48 15 86 47 65 8 44 46 46 52 40 34 31 2 77 33 78 11 17 60 42 12 58 98 45 80 99 54 87 60 12 60 28 93 34 28 30 41 56 66 97 66 81 97 78 13 3 32 61 85 22 16 66 
74 83 24 7 74 77 63 69 35 47 1 59 23 44 86 46 74 54 2 39 16 52 16 51 77 80 51 30 95 33 4 85 19 62 38 44 88 9 16 69 10 13 98 39 37 65 97 60 72 2 94 99 66 97 27 94 20 99 58 78 1 23 60 70 9 83 72 7 78 99 41 55 74 29 80 22 55 63 19 72 54 49 67 25 64 12 87 36 56 4 74 11 15 50 33 45 15 87 75 37 
17 68 19 80 30 63 21 7 13 20 94 62 84 89 91 14 7 42 98 20 80 55 34 91 30 89 58 82 97 61 45 52 59 50 81 47 66 0 19 42 96 3 81 94 78 72 60 9 78 49 86 74 37 61 90 58 89 61 19 6 63 9 65 26 46 35 71 72 51 6 85 95 71 61 56 85 5 94 14 74 5 11 87 6 21 80 46 70 52 11 48 56 38 23 32 10 33 90 53 27 
40 35 80 19 59 93 79 66 80 1 7 21 36 56 55 12 14 58 23 69 63 60 66 88 29 40 95 13 93 4 8 97 37 18 47 77 58 47 59 17 35 91 49 14 4 30 28 37 11 87 19 82 15 51 71 74 60 15 55 18 49 43 31 49 94 44 13 21 22 55 19 71 86 11 63 66 56 27 97 40 89 9 92 50 51 41 49 7 8 88 91 64 37 33 70 71 84 43 93 84 
86 1 39 74 70 25 21 72 88 58 30 66 78 50 10 63 31 36 0 90 95 79 36 74 17 5 21 32 25 69 44 16 2 18 8 60 97 14 16 44 48 19 52 73 56 53 23 31 0 62 6 15 99 97 72 17 25 84 97 82 55 58 80 19 71 21 36 9 73 72 86 47 69 23 65 75 86 47 5 13 16 58 37 54 76 61 65 15 86 36 61 59 98 24 60 40 12 10 49 19 
10 17 21 92 30 29 91 31 81 70 71 17 57 17 76 64 32 43 30 38 71 15 61 46 52 37 64 16 61 66 22 72 10 77 64 7 63 17 38 85 36 52 93 36 82 45 92 52 29 99 32 9 4 60 25 48 75 16 84 62 66 87 16 67 55 98 36 8 80 15 56 98 94 68 24 9 4 0 99 6 6 70 85 97 90 56 34 15 2 93 1 46 0 59 38 16 44 14 80 56 
82 67 87 13 54 10 67 64 45 89 67 34 87 75 23 24 52 6 83 85 21 20 6 16 45 14 47 88 30 68 16 29 80 2 18 58 93 91 6 41 87 36 79 93 48 86 93 93 62 29 88 9 37 66 79 40 39 98 22 93 7 60 20 25 74 99 53 77 73 66 77 33 54 50 3 53 82 27 96 28 76 32 9 56 69 82 48 35 98 13 84 65 97 3 16 24 76 86 49 30 
41 47 37 15 88 86 56 9 60 71 78 97 34 32 63 45 21 68 22 68 56 74 11 19 63 59 77 20 87 8 8 62 57 94 84 79 19 88 73 62 42 37 73 89 57 99 77 43 13 44 32 23 35 13 30 20 21 10 26 59 18 60 88 0 1 16 40 33 54 76 70 38 37 65 28 43 20 88 31 73 49 43 86 33 2 46 13 15 40 88 3 72 1 86 25 21 70 71 41 2 
89 63 47 75 67 43 75 43 11 67 89 0 18 16 12 80 73 6 56 36 35 3 33 71 84 82 41 19 7 37 5 28 32 68 25 0 42 80 31 97 3 24 64 46 23 99 91 66 21 76 0 63 6 89 22 53 32 93 74 4 8 74 70 37 12 67 34 14 54 27 27 58 51 96 19 78 16 9 14 42 61 20 72 96 1 57 28 60 24 13 47 71 53 24 55 5 4 52 61 10 
9 24 11 97 95 34 2 48 70 80 61 73 61 55 12 16 21 39 59 26 24 88 96 96 71 13 96 54 68 96 71 29 33 27 83 2 23 78 41 60 72 98 25 78 41 47 81 22 17 16 1 63 48 46 78 8 73 84 78 62 48 90 49 58 33 41 24 77 75 12 17 99 90 63 84 20 38 78 53 26 53 82 64 65 61 65 63 50 55 97 72 20 5 74 64 38 33 89 33 43 
8 73 25 0 80 61 0 54 98 48 54 29 13 87 39 46 41 75 73 82 61 29 30 37 14 40 31 59 77 43 58 71 61 16 13 83 78 58 84 9 96 71 95 78 30 95 98 69 55 19 48 16 56 39 88 3 3 29 19 27 22 23 31 49 22 77 45 48 5 73 97 39 13 81 1 5 87 16 97 78 48 25 6 44 51 35 67 28 17 31 10 65 7 70 69 81 32 40 66 84 
32 6 49 75 18 93 47 22 84 52 13 6 54 6 89 11 74 77 33 71 78 21 74 46 60 71 35 56 45 46 39 58 80 77 70 1 32 7 25 97 69 46 1 27 51 25 16 12 5 10 76 40 0 88 94 60 22 34 45 9 67 46 12 22 51 87 35 85 86 39 11 11 11 30 1 43 6 90 91 24 5 93 64 60 42 42 2 81 47 11 99 64 90 76 81 13 67 19 9 44 
69 54 97 95 24 53 70 30 64 65 39 73 21 66 83 6 81 5 19 64 81 43 78 89 84 56 91 13 99 41 99 9 79 67 28 29 42 41 83 50 91 94 62 69 81 25 35 38 43 19 44 18 48 85 13 9 39 59 41 96 31 5 68 32 70 46 59 14 17 12 28 85 33 74 50 75 29 79 7 28 38 8 61 29 86 9 20 91 94 68 43 45 4 80 95 82 77 72 2 96 
11 62 81 30 88 80 7 67 30 54 35 5 62 46 70 39 57 3 99 59 37 55 93 29 36 49 5 37 84 12 49 73 42 37 30 29 40 45 87 6 95 92 40 76 21 23 56 71 0 40 63 81 45 73 72 66 65 80 44 35 96 45 41 61 77 67 84 15 15 75 64 3 52 21 89 65 13 82 54 98 7 43 78 82 68 24 43 94 79 26 75 60 60 10 5 58 1 67 66 31 
31 36 57 50 81 15 2 80 77 12 12 42 86 48 95 97 16 30 86 65 80 85 38 42 48 16 17 78 8 33 16 41 51 71 6 59 43 36 83 50 9 87 66 45 62 79 43 46 45 94 29 45 90 43 65 67 76 33 2 52 20 14 91 57 56 76 32 91 85 91 16 13 85 33 33 62 42 41 72 69 25 1 21 56 12 3 65 2 48 76 34 96 0 72 97 75 76 28 5 88 
35 76 6 63 98 89 47 65 18 57 12 87 14 89 25 65 34 14 1 95 81 9 75 75 32 21 60 76 93 89 83 80 6 64 72 76 27 80 58 47 99 31 81 3 51 44 53 92 93 79 81 14 10 17 1 35 17 25 52 55 38 74 2 11 24 18 83 74 28 12 70 79 7 51 11 73 24 37 1 73 76 14 1 44 56 98 34 10 70 98 31 24 92 72 84 39 71 10 25 35 
49 79 29 17 20 58 48 65 74 21 18 93 87 55 74 84 49 34 20 79 23 70 35 80 17 32 67 42 42 4 68 82 47 52 5 1 94 7 26 4 87 98 31 87 78 86 59 50 79 92 82 43 60 20 91 2 63 15 74 15 82 73 31 60 33 23 81 56 3 2 60 25 73 22 56 75 89 8 68 11 45 53 32 49 82 48 3 86 61 32 73 2 85 12 50 91 67 33 93 53 
41 99 15 16 88 64 21 25 5 40 61 81 67 52 26 93 4 67 95 44 92 79 57 96 33 61 46 85 94 73 90 16 47 71 73 49 34 77 7 90 65 82 51 62 46 69 9 59 58 71 76 40 18 33 61 8 85 16 54 33 4 83 39 17 45 5 0 45 69 64 9 73 89 18 97 5 33 36 4 43 96 78 69 19 89 57 41 66 22 85 26 11 43 55 92 81 79 41 43 7 
0 44 75 90 46 85 11 43 64 5 23 62 83 16 46 44 68 95 1 78 38 29 98 12 38 62 49 47 6 67 35 91 47 56 1 13 59 66 22 91 91 73 23 47 1 99 32 96 4 43 29 9 47 23 90 75 98 95 95 3 1 24 58 33 18 17 0 27 96 29 40 85 83 91 14 78 53 25 34 1 91 78 98 65 44 60 7 28 49 62 29 25 20 31 10 22 2 33 3 35 
13 27 59 73 22 55 54 88 84 73 8 9 15 62 63 76 6 82 32 11 69 87 3 34 40 28 42 29 6 55 22 53 79 90 58 23 46 18 54 24 63 75 62 79 3 73 60 86 63 51 70 17 86 79 17 5 51 3 82 74 50 55 22 86 80 40 98 20 7 42 71 17 75 76 52 91 72 75 14 21 29 74 71 53 74 25 24 26 95 97 15 30 75 85 13 84 90 44 21 95 
71 13 15 18 83 74 19 78 16 10 60 59 63 79 41 79 95 69 86 37 96 97 40 15 36 50 61 85 29 87 25 32 92 95 44 88 72 51 86 14 53 8 54 95 14 43 99 3 92 67 93 63 96 7 69 3 73 1 77 40 31 68 53 32 37 70 70 45 40 3 61 65 46 80 68 37 41 89 45 50 57 28 77 75 53 19 70 13 74 10 94 86 18 6 66 45 26 72 15 84 
37 76 1 11 76 22 22 14 23 29 68 62 2 74 20 97 42 2 92 18 47 61 22 74 29 72 75 5 92 16 25 89 98 68 12 46 5 11 57 37 91 55 70 65 20 47 92 1 87 47 98 36 13 95 59 71 48 79 7 27 22 34 55 25 4 58 84 84 51 10 92 66 22 12 38 67 54 39 76 12 28 26 72 41 79 95 52 0 16 65 9 48 84 42 17 70 21 46 93 20 
