72 72 50 10 90 77 34 10 66 87 63 63 58 71 78 3 58 84 48 53 76 59 9 94 93 32 72 64 3 56 16 82 49 57 32 97 38 0 1 17 94 74 91 2 63 82 72 92 94 49 32 31 32 75 78 7 29 96 89 78 28 32 0 65 96 3 79 34 69 73 79 93 73 94 98 54 32 63 20 21 45 32 44 83 82 92 45 94 96 73 90 53 36 49 94 45 15 66 0 81 
55 42 20 90 48 84 72 60 48 5 85 84 67 12 55 60 60 47 52 26 34 55 21 53 36 60 56 78 53 22 89 80 53 5 57 5 78 94 53 7 47 84 44 96 37 56 17 62 77 62 22 27 59 54 16 58 87 64 53 33 42 91 56 25 65 73 72 89 43 30 66 3 78 93 26 49 10 79 31 9 65 7 0 42 44 30 23 33 65 45 9 97 99 82 95 91 81 43 67 6 
35 75 14 68 44 39 80 23 58 78 47 70 37 37 40 26 40 28 36 57 30 71 92 6 55 18 18 74 40 94 90 40 3 65 89 43 61 82 65 15 9 3 71 60 88 24 88 87 19 75 73 62 91 59 91 48 94 40 15 15 63 90 75 92 38 89 96 15 29 30 30 68 68 85 54 83 34 57 99 49 98 83 65 28 39 8 77 28 12 70 32 40 89 43 40 9 20 14 57 24 
68 44 1 10 58 72 97 23 3 39 50 20 47 13 24 52 86 70 70 28 93 14 96 95 5 49 16 91 77 92 14 26 79 62 92 22 55 96 19 81 44 90 63 25 88 40 83 17 56 77 43 90 70 63 84 4 86 89 87 55 86 59 22 93 45 46 66 98 15 6 88 44 51 18 16 39 57 27 57 51 26 82 78 34 90 57 22 77 17 26 54 99 9 68 86 14 34 72 99 16 
79 33 56 44 75 8 0 18 4 85 10 35 23 84 85 26 54 21 56 76 72 4 32 41 25 90 64 28 31 30 92 40 38 25 59 33 9 67 56 71 35 7 22 67 19 67 16 24 8 26 77 8 6 56 21 12 59 41 94 24 3 30 20 12 64 14 18 48 34 47 42 89 69 71 26 29 78 31 73 95 54 96 30 1 55 92 73 29 92 57 0 8 66 63 79 30 49 49 64 72 
15 88 0 80 42 72 68 16 73 93 46 96 39 3 41 64 11 10 52 90 85 95 88 2 24 5 49 37 34 29 85 73 63 11 89 0 74 86 82 9 31 88 38 93 63 7 56 91 11 21 43 13 49 86 80 45 93 49 27 97 42 66 50 3 11 86 50 26 2 42 80 7 28 0 37 44 7 45 66 92 42 58 45 29 13 50 83 25 74 1 24 54 81 29 42 99 37 35 73 12 
45 50 60 89 24 93 47 16 37 76 84 27 12 31 42 23 19 59 53 83 86 91 36 5 40 96 65 8 71 98 68 4 39 4 4 54 60 88 21 97 4 72 0 70 74 70 35 93 97 62 62 74 61 91 7 93 61 69 71 2 28 93 94 90 5 84 43 79 63 84 66 24 69 58 28 51 66 23 71 21 26 98 35 2 20 27 70 14 2 59 60 29 4 94 92 44 78 80 25 66 
9 97 66 84 85 5 27 45 46 52 86 74 99 51 43 91 26 9 68 81 34 35 21 62 80 20 52 92 45 6 15 94 22 95 94 81 49 37 74 44 49 35 60 69 94 57 42 14 67 28 97 21 18 43 53 48 19 44 16 41 77 89 60 91 15 63 68 67 44 62 95 92 68 71 30 36 41 69 72 25 43 60 37 13 24 49 8 91 33 20 12 15 23 73 24 41 79 32 30 47 
2 69 36 50 70 72 10 61 15 90 90 30 70 98 17 20 78 0 23 7 86 18 78 23 25 18 55 41 22 22 64 8 72 64 88 93 78 66 2 76 80 4 35 53 53 48 47 19 87 97 16 33 27 29 8 56 66 69 86 70 4 97 8 86 85 74 64 81 67 34 22 95 81 15 63 96 39 4 93 40 76 19 89 20 50 21 8 54 82 21 63 60 2 78 84 69 25 0 22 59 
54 7 68 52 77 76 15 85 96 42 99 94 84 65 94 36 6 51 5 41 62 82 85 92 75 96 95 26 24 3 40 18 49 61 58 29 48 21 77 91 45 20 27 9 34 18 33 65 52 90 72 25 72 17 65 28 31 3 61 12 63 88 13 2 3 97 59 29 54 73 91 71 17 80 91 65 37 75 24 76 73 58 3 99 2 1 36 50 98 31 54 95 40 46 50 3 24 57 87 29 
8 29 80 27 96 81 86 23 46 18 70 88 98 59 5 70 19 62 11 21 17 65 95 31 41 49 9 65 32 39 11 67 37 46 17 17 86 31 25 62 71 14 23 1 74 18 2 94 12 44 89 58 15 72 87 89 30 90 72 49 0 90 9 22 85 25 56 48 35 91 34 78 67 7 52 99 98 70 2 80 16 7 51 55 0 36 86 23 53 72 62 98 15 7 19 62 48 85 39 40 
12 67 63 48 10 33 7 87 16 3 34 87 83 64 27 94 32 89 61 4 12 87 91 36 17 33 89 3 71 95 22 34 36 53 39 35 56 5 26 80 58 21 1 87 85 42 67 39 88 52 98 49 22 7 20 76 95 0 53 10 81 9 43 17 71 25 74 83 46 22 93 14 71 81 31 72 6 17 66 4 59 88 39 99 15 57 92 9 51 88 93 34 90 61 92 29 6 5 33 56 
71 32 42 73 19 53 32 51 51 18 8 19 89 17 67 39 40 43 67 79 43 57 44 39 26 38 76 26 72 39 91 30 71 99 95 26 15 91 29 46 39 87 90 99 70 71 55 72 96 56 89 78 42 24 54 77 34 9 83 13 53 18 48 2 2 8 51 91 90 35 29 99 6 22 59 40 11 35 58 87 31 1 51 18 5 16 92 45 41 60 21 12 85 50 12 51 41 54 30 71 
56 71 24 70 73 99 79 58 39 8 44 18 45 35 64 24 67 13 73 94 59 93 11 97 52 28 84 5 75 53 1 15 45 37 22 97 74 76 66 82 62 42 69 55 18 99 56 39 52 80 29 56 16 27 28 56 55 27 39 9 80 37 82 25 2 56 84 6 31 35 84 27 40 69 69 65 19 16 35 91 64 59 80 47 57 67 60 27 77 71 41 89 80 55 75 19 58 97 81 72 
80 67 82 89 82 42 33 5 95 58 30 89 59 84 22 0 76 95 47 68 54 72 34 95 48 38 99 68 93 50 41 83 7 84 55 16 15 60 32 9 79 86 84 92 42 66 76 66 20 49 78 82 71 86 51 54 43 2 23 53 71 85 4 84 82 14 88 73 47 39 18 99 85 35 57 76 68 2 5 41 14 48 60 93 59 90 66 43 69 44 98 12 4 57 95 98 24 34 75 39 
38 15 64 78 47 97 93 37 41 2 93 77 3 97 49 6 38 75 13 93 87 78 28 59 57 70 89 65 69 71 34 46 65 37 56 66 12 12 53 15 85 0 41 39 52 10 18 44 76 17 68 80 67 38 29 1 77 13 46 9 5 37 60 75 51 40 32 68 80 5 80 39 5 40 0 10 68 93 21 79 89 9 61 0 35 39 37 19 93 57 38 6 1 93 1 88 8 40 79 3 
68 46 34 52 88 52 66 90 16 65 68 99 46 26 6 33 66 78 73 15 19 90 58 81 44 82 58 67 28 37 2 7 39 61 59 78 6 82 59 28 70 94 78 45 30 92 62 72 49 37 4 7 85 16 49 41 2 32 42 43 20 16 88 68 77 90 84 30 48 93 12 90 96 1 28 71 77 51 78 32 58 82 14 66 38 24 67 42 64 87 53 97 43 44 73 91 46 55 16 99 
52 65 39 58 69 53 36 84 4 59 48 5 83 61 8 73 74 84 20 61 97 7 71 24 73 37 13 27 30 30 83 61 8 94 42 67 18 38 80 5 46 29 18 72 99 72 69 98 42 19 69 21 89 73 61 39 70 32 12 48 26 6 29 12 19 93 5 30 53 56 80 39 51 84 51 59 31 97 33 59 69 98 21 30 76 76 37 41 11 7 23 6 85 87 83 92 42 25 26 49 
4 96 74 11 23 32 91 80 17 67 20 90 71 10 0 12 10 60 97 43 19 68 85 6 71 66 20 30 80 70 91 38 82 25 88 92 78 34 3 30 15 98 62 11 44 28 82 76 96 22 57 75 6 30 50 35 1 82 32 1 57 57 63 32 16 63 93 71 53 65 66 22 0 86 48 56 1 71 24 44 53 4 47 52 96 26 91 29 6 91 99 65 77 32 94 12 80 46 45 86 
95 81 40 83 61 84 45 75 73 12 37 94 17 0 81 70 66 74 94 8 34 33 14 99 28 25 85 12 40 59 84 27 8 94 5 57 41 87 5 39 40 37 9 82 9 90 90 77 43 8 97 77 85 33 20 29 51 83 50 46 39 5 35 33 9 28 26 8 27 43 97 65 30 52 17 14 63 64 90 38 67 11 19 54 76 29 45 33 65 3 23 49 37 4 1 60 97 92 78 80 
62 52 39 19 59 44 19 16 1 4 78 32 66 52 1 45 37 47 97 35 42 96 56 70 15 24 6 13 60 45 93 70 3 95 1 55 24 85 57 63 59 69 69 91 49 45 94 70 50 91 73 13 38 58 47 7 32 18 22 15 62 64 15 89 24 71 35 40 4 64 22 79 55 35 27 28 75 92 37 31 51 19 48 61 26 37 46 78 0 89 42 70 55 71 9 97 48 28 75 27 
64 84 55 37 27 99 32 41 20 12 17 82 50 37 82 54 93 61 20 15 47 89 1 2 8 76 17 43 83 30 7 82 14 33 82 64 94 35 85 44 44 70 71 94 17 36 87 84 11 11 85 0 18 54 91 84 4 6 6 85 85 94 66 91 20 83 45 32 60 41 64 0 88 48 53 88 99 56 56 32 1 50 10 67 8 37 85 2 79 69 17 5 63 51 4 57 29 55 67 1 
9 92 35 58 47 84 2 66 96 86 31 52 69 90 42 62 29 73 37 98 82 58 15 63 40 81 58 29 5 88 25 75 82 85 14 80 61 93 70 82 89 1 75 58 5 27 49 24 73 82 89 60 48 11 13 37 56 85 10 9 93 34 9 83 94 95 95 16 58 76 29 39 77 89 97 42 44 42 47 30 21 32 96 26 29 26 6 25 3 9 66 15 24 33 29 64 17 50 96 62 
47 15 0 26 76 90 91 14 11 98 68 82 0 44 99 86 57 75 7 2 54 19 10 50 78 74 76 42 4 26 80 64 87 80 54 77 18 97 99 0 77 39 65 63 54 52 84 47 84 84 10 0 32 98 8 99 51 91 91 58 57 87 27 20 86 18 43 14 52 80 52 43 30 98 37 5 79 11 61 61 79 95 29 27 13 43 82 60 92 42 64 71 98 10 38 45 72 34 8 8 
76 65 23 71 74 85 32 24 52 54 17 5 25 67 59 16 85 36 99 55 96 99 73 21 95 54 60 3 54 74 99 43 40 24 73 25 65 98 87 53 67 35 61 30 90 76 13 10 25 75 79 51 43 12 9 0 66 31 21 6 23 40 22 60 44 47 15 99 76 49 81 75 39 56 12 12 59 47 53 37 88 76 22 65 65 91 13 81 85 2 73 87 91 51 33 10 2 8 40 71 
62 68 50 54 25 3 45 71 31 54 25 10 82 69 81 67 6 87 75 22 35 77 45 93 14 72 66 29 12 62 61 33 59 69 42 10 7 48 51 80 26 59 92 23 64 4 27 7 99 41 73 33 20 18 51 20 37 53 11 73 25 85 68 59 59 79 25 72 75 5 67 62 76 2 98 22 40 12 8 20 23 71 62 70 92 69 90 16 87 96 3 11 5 66 7 47 31 14 16 59 
11 80 83 89 33 41 8 71 36 9 29 59 75 83 55 39 24 56 43 46 36 84 66 30 69 44 5 4 98 34 14 35 43 92 6 49 66 54 33 44 59 91 41 90 33 32 38 34 99 93 75 89 80 86 0 66 48 11 39 22 32 88 4 84 13 10 92 82 90 64 1 7 98 75 12 99 31 22 89 62 89 71 99 9 28 16 30 75 58 71 35 14 54 3 48 71 51 52 13 77 
9 47 92 71 27 60 94 21 80 42 0 79 79 70 14 23 71 76 59 58 31 49 39 38 70 95 68 47 68 88 26 73 72 64 71 96 72 26 91 41 76 63 45 62 40 15 68 57 53 17 39 37 15 19 42 4 34 25 95 76 61 37 70 59 46 21 13 62 72 5 20 93 68 5 82 34 56 52 26 61 66 72 43 15 11 3 89 72 53 39 77 42 36 36 69 41 51 44 82 98 
52 46 16 95 19 40 53 3 99 75 35 66 87 91 89 45 34 9 6 84 48 67 51 78 59 3 27 73 19 77 58 15 50 48 99 50 9 57 17 93 21 96 91 53 75 76 51 64 49 59 39 2 90 56 31 67 73 8 37 62 2 10 70 9 92 91 38 75 66 27 47 12 59 73 78 85 38 42 49 61 70 95 79 1 35 3 51 73 7 2 2 64 1 85 28 93 86 7 16 4 
7 70 37 85 32 52 61 41 68 26 85 3 99 72 71 41 87 19 63 80 3 90 78 84 67 97 30 25 54 45 37 91 27 90 26 19 44 28 51 88 78 74 49 47 83 30 9 99 2 68 29 89 27 22 42 45 68 18 56 87 38 4 53 35 6 44 42 6 48 9 16 71 91 24 44 27 54 26 3 1 85 62 3 47 86 68 44 51 21 9 0 7 92 32 64 57 40 2 89 19 
78 91 68 56 51 91 90 97 97 35 12 57 59 97 16 22 44 15 62 26 61 77 8 63 95 94 91 87 77 86 64 17 24 87 7 90 82 44 91 96 6 45 49 27 60 22 52 95 78 31 83 75 4 82 43 85 0 36 69 15 82 0 38 8 54 88 46 69 97 29 4 9 67 96 72 21 44 64 12 0 51 37 16 20 86 0 18 48 17 60 82 40 66 66 3 80 54 6 16 73 
51 84 64 74 12 45 59 65 52 71 11 19 71 0 80 67 23 55 27 84 69 45 67 47 94 54 35 46 62 2 34 3 56 93 59 9 55 66 5 2 3 3 49 51 2 40 82 40 52 24 16 37 28 92 74 38 44 19 59 92 29 87 62 2 4 54 26 21 30 49 51 92 69 77 10 81 89 93 81 9 56 98 16 4 54 47 41 63 82 34 50 28 91 89 82 38 4 85 19 94 
84 2 59 11 7 88 94 39 59 12 46 96 67 85 71 28 20 76 52 93 87 85 32 46 4 16 57 56 83 52 76 33 49 11 39 88 87 80 18 43 24 32 3 76 74 14 10 37 49 94 9 77 23 10 13 52 69 32 71 18 49 42 85 25 10 54 18 30 31 86 81 24 44 5 23 70 40 56 48 12 49 66 30 17 35 32 86 72 73 14 21 10 62 52 16 74 98 18 40 65 
78 16 99 67 32 35 30 48 85 39 77 47 44 7 18 99 90 19 26 13 52 89 86 91 99 36 23 32 61 43 98 2 17 68 41 70 83 7 28 36 77 71 45 20 7 48 57 90 64 64 89 31 27 1 34 78 83 56 9 36 31 22 71 68 19 54 54 15 73 92 10 5 32 44 81 95 97 40 52 75 89 34 19 71 64 79 9 33 26 35 30 9 25 26 83 7 72 4 74 37 
98 6 47 43 19 35 64 82 86 12 17 88 14 85 73 88 21 97 12 6 20 2 90 51 73 11 78 43 16 32 81 17 71 53 95 91 89 35 22 43 98 46 26 83 66 21 94 22 66 53 89 93 74 11 42 50 93 85 53 20 71 33 11 22 83 54 26 36 74 52 3 57 42 41 27 27 93 31 38 33 17 91 6 72 47 60 25 11 17 5 83 67 10 87 81 67 82 76 65 50 
63 79 68 20 41 13 90 37 91 85 49 61 12 69 11 45 15 68 91 53 59 77 60 91 88 90 22 19 60 39 51 57 19 59 95 76 35 58 69 15 41 74 84 99 70 1 66 55 38 0 13 80 85 91 96 20 9 55 18 27 66 79 72 30 62 48 15 54 81 93 95 47 73 99 18 86 27 78 21 2 93 74 9 12 78 55 52 63 97 13 38 57 22 81 69 55 92 58 73 33 
21 49 24 32 1 49 75 46 72 80 7 66 3 25 53 54 70 23 71 47 89 8 29 92 78 48 64 74 93 45 98 41 77 74 56 58 21 97 31 56 71 67 4 12 80 69 96 56 10 5 13 48 8 5 91 64 94 0 63 75 34 54 3 91 24 0 44 58 47 62 79 71 46 84 45 19 48 6 79 92 97 88 22 26 90 82 8 57 12 5 57 96 66 8 83 10 87 76 55 51 
9 17 58 67 32 58 77 51 52 21 53 14 79 48 91 25 60 69 81 4 98 84 51 27 89 83 19 9 4 33 77 37 86 16 28 0 18 65 64 56 15 81 22 92 88 74 99 70 20 13 24 52 59 3 67 39 88 72 37 55 69 87 11 68 10 29 97 15 39 70 86 99 49 2 42 48 40 5 70 72 60 11 7 37 60 85 47 56 30 18 51 21 85 35 40 81 94 47 22 98 
47 12 12 59 78 84 17 49 36 65 84 91 20 74 78 39 43 63 79 51 99 77 24 5 13 59 36 59 1 38 46 59 46 23 84 68 47 80 0 52 55 94 66 36 86 66 3 59 70 91 1 11 63 25 69 18 91 25 83 2 11 91 61 58 88 43 4 39 79 89 62 91 66 17 95 34 64 99 0 12 20 3 39 76 74 91 12 56 77 80 49 30 88 13 40 33 78 36 20 2 
18 95 23 88 47 4 95 61 77 37 68 98 22 21 64 66 65 45 35 63 79 57 87 12 45 88 9 10 67 47 26 7 24 30 24 14 0 49 46 9 61 93 91 33 50 13 0 58 55 49 33 36 87 70 32 99 13 56 10 96 27 67 8 81 6 15 47 54 72 56 73 90 40 30 2 50 70 65 51 71 76 47 18 86 75 85 36 91 4 6 34 15 43 8 61 9 23 13 34 78 
31 83 55 65 51 60 83 32 57 11 42 77 49 93 87 41 66 17 68 40 82 9 90 76 17 67 65 18 51 44 4 76 90 36 84 73 17 79 68 11 7 74 44 0 73 33 51 14 68 31 79 15 96 17 36 2 71 50 89 23 82 40 94 15 83 38 36 78 42 36 9 3 33 87 49 12 64 90 6 0 5 74 73 35 72 70 46 69 73 87 76 23 93 86 59 83 25 29 8 53 
82 58 4 9 26 36 93 2 26 8 64 43 18 77 66 32 60 89 79 33 77 58 94 95 43 49 3 17 81 34 75 61 10 93 3 44 66 91 37 41 75 12 90 39 30 27 62 26 24 12 44 70 53 53 55 73 8 45 46 4 0 92 97 10 45 2 73 72 81 71 16 54 12 76 27 68 49 49 46 18 74 61 31 37 20 18 92 4 80 42 92 48 15 27 18 92 27 99 62 45 
84 45 22 43 88 94 71 23 63 97 21 27 76 40 82 9 14 48 51 84 36 25 30 1 41 43 99 19 45 14 7 96 34 99 60 34 39 74 2 51 17 98 3 21 77 35 56 42 55 19 98 61 35 93 95 36 78 1 51 84 69 27 23 40 43 3 20 30 14 74 17 80 66 4 97 84 5 88 62 13 80 59 49 32 53 62 11 4 7 71 98 62 89 32 74 77 39 8 76 55 
48 72 58 55 82 11 85 85 77 50 90 45 76 13 98 12 82 0 79 9 59 11 20 81 45 11 80 56 67 19 15 14 25 23 91 70 25 36 5 75 20 62 82 78 11 8 63 97 99 60 21 39 86 61 10 50 55 27 73 75 90 18 46 62 45 39 28 7 68 42 9 54 50 42 97 72 6 88 39 36 95 5 75 63 84 43 10 95 93 24 70 20 16 11 55 39 28 45 63 25 
2 45 31 10 27 64 76 0 96 82 10 23 14 55 28 35 38 67 51 94 14 66 70 54 9 49 52 1 7 47 10 37 99 77 57 76 68 47 77 20 68 33 5 76 16 10 85 94 10 20 38 7 90 34 57 62 46 0 25 53 33 7 64 38 51 19 22 71 68 31 42 6 61 1 7 90 42 19 65 57 86 10 69 76 41 23 64 42 22 53 80 49 74 33 38 40 99 38 78 95 
7 37 62 18 24 30 44 14 19 17 71 29 30 26 86 27 76 13 42 44 49 43 39 31 15 83 26 71 34 46 62 0 49 36 14 26 95 16 68 10 23 88 62 31 56 43 16 71 46 1 23 67 19 54 9 87 55 67 42 43 28 43 24 55 75 48 52 60 61 36 8 60 78 32 3 98 66 17 36 0 59 97 23 28 81 90 46 55 46 76 49 53 6 78 34 79 79 13 90 23 
58 85 11 28 97 66 20 87 39 20 39 59 67 35 11 57 93 36 90 25 56 18 59 44 74 82 76 4 11 84 16 7 7 71 77 60 3 25 80 64 43 45 70 38 47 58 1 8 2 63 98 36 1 54 33 12 58 3 20 50 67 0 4 89 74 59 18 54 72 57 39 51 59 62 56 51 82 63 27 76 1 87 41 76 18 58 86 70 65 6 84 86 25 49 48 92 49 55 34 25 
32 30 33 19 86 97 74 22 80 65 41 14 35 80 75 18 90 56 78 12 84 73 3 95 19 67 22 56 67 57 6 69 24 97 51 89 40 22 82 61 30 24 41 53 1 27 8 85 17 24 89 84 89 70 29 45 92 11 85 73 81 9 97 34 75 89 96 95 53 27 94 62 2 20 77 8 6 31 29 81 52 20 16 13 38 44 66 56 76 51 10 83 62 37 24 85 93 90 56 59 
73 86 1 0 18 17 48 14 83 44 77 30 62 86 2 80 38 28 63 61 52 9 91 79 94 19 49 33 38 68 36 52 1 22 16 35 86 96 6 52 6 2 40 37 63 13 79 12 14 68 91 47 15 57 35 68 49 82 54 78 87 40 54 26 84 43 29 80 56 84 84 56 5 58 95 25 23 13 23 21 5 98 2 14 45 81 66 74 79 38 38 0 99 73 16 18 23 70 86 57 
38 29 96 41 91 79 28 98 94 75 67 3 2 34 97 46 74 87 60 38 53 48 13 64 14 51 78 51 64 78 14 44 51 59 12 7 61 21 13 12 45 10 53 2 80 38 27 80 15 62 10 19 26 54 80 49 28 6 6 25 41 91 90 37 35 55 48 70 21 84 5 7 91 42 48 47 60 60 96 99 31 79 23 89 66 86 18 19 82 59 58 28 69 13 40 42 10 80 34 63 
37 21 13 72 68 47 25 85 52 31 56 39 34 24 23 8 62 55 59 55 3 73 37 65 80 36 42 21 49 46 92 69 52 3 23 46 93 49 17 8 79 99 7 16 56 35 18 49 12 54 83 55 99 68 63 87 91 33 23 49 75 18 17 52 62 46 45 18 33 61 37 65 81 64 70 35 78 35 69 38 74 26 22 65 62 8 8 34 33 95 60 54 24 6 61 64 44 54 98 58 
40 70 12 14 50 7 12 79 94 60 83 81 16 35 25 84 5 14 25 90 22 27 79 13 52 8 25 70 25 48 59 92 14 88 23 37 59 27 53 16 86 67 16 70 24 89 23 93 83 85 85 28 90 87 26 16 0 4 24 85 85 94 47 91 7 40 96 62 31 4 94 30 18 59 12 79 68 16 29 87 8 69 76 99 85 81 92 9 19 88 58 45 84 15 69 75 20 1 81 31 
42 70 21 26 68 24 64 34 35 29 41 81 4 70 3 75 8 0 22 84 17 10 43 62 35 44 84 21 4 63 37 10 80 42 68 51 2 66 43 6 93 87 41 6 16 37 84 76 6 16 42 51 15 29 47 5 65 35 61 80 91 34 13 42 22 83 91 9 99 42 77 23 30 2 60 43 35 37 25 39 79 86 98 4 51 61 87 89 86 54 58 60 70 74 67 23 55 9 20 84 
87 86 6 58 15 67 78 22 5 86 14 82 76 85 81 86 47 66 62 14 90 91 82 49 4 92 81 97 55 52 77 45 51 25 23 1 35 61 96 90 50 20 53 12 28 1 4 89 43 61 88 28 26 14 21 88 13 79 18 61 46 93 29 43 50 24 35 95 26 75 93 79 47 56 32 14 19 74 57 90 25 73 34 32 53 41 15 63 97 79 22 94 69 31 96 46 0 8 66 97 
9 24 33 1 23 25 86 57 45 28 54 15 99 14 47 41 83 10 21 17 40 49 90 88 79 46 47 38 29 82 60 80 51 33 64 89 18 47 71 98 59 72 54 42 88 17 95 55 76 4 78 67 11 32 1 92 52 39 32 56 54 65 42 37 40 80 51 22 60 55 23 72 55 25 1 30 96 24 94 90 45 28 74 90 61 52 83 32 45 56 21 51 2 98 51 75 12 60 8 32 
26 99 63 32 19 32 88 56 11 1 12 79 85 0 17 39 90 53 16 22 64 63 34 55 53 31 47 18 55 49 1 32 7 13 30 16 83 11 26 79 6 27 98 5 72 22 64 21 83 59 29 22 67 43 69 56 39 74 38 43 70 44 78 52 11 48 76 10 61 40 7 43 36 99 51 32 2 49 86 93 7 47 69 78 61 93 16 55 73 10 17 37 44 19 1 74 34 37 6 85 
19 6 11 40 73 28 56 13 88 14 39 57 46 8 28 52 71 27 42 3 17 47 23 44 13 4 20 61 49 30 74 62 40 49 63 46 38 46 11 10 88 71 32 71 36 50 22 23 35 11 31 68 53 6 16 20 98 43 66 62 51 29 18 75 88 62 6 90 69 29 2 9 17 90 51 6 26 2 80 19 47 29 20 34 77 90 4 74 1 62 51 71 80 17 26 14 48 16 36 47 
56 77 60 41 0 54 70 86 18 35 12 84 78 75 59 38 3 55 44 96 76 7 44 6 64 95 0 14 83 35 61 77 70 35 69 23 82 36 12 16 30 77 16 83 21 35 86 31 93 5 47 28 58 37 56 63 12 45 62 63 9 59 78 57 0 66 62 53 60 18 18 19 62 36 4 91 46 4 84 45 30 61 1 62 68 32 19 20 83 69 83 98 58 44 26 46 16 82 89 49 
45 6 43 99 32 5 38 40 15 66 58 68 75 62 50 36 9 84 81 79 53 50 83 38 46 31 69 20 8 79 16 42 30 51 58 12 42 58 64 7 99 17 23 1 74 28 19 12 33 38 7 83 14 57 66 55 6 43 83 7 16 6 63 17 93 21 90 99 75 89 77 86 23 42 51 94 61 31 83 93 76 21 43 32 11 72 53 1 53 21 61 15 26 58 24 4 64 37 8 46 
99 38 90 91 94 4 58 50 79 92 66 7 26 45 23 38 67 29 83 13 20 87 82 73 44 47 21 21 86 2 70 95 31 99 33 50 67 83 80 54 60 49 9 27 20 71 27 34 26 11 8 46 21 15 70 56 57 70 85 99 56 0 15 34 73 46 84 41 53 47 70 72 17 24 38 43 9 10 85 99 80 55 1 36 22 28 37 56 73 73 32 91 16 67 99 33 43 38 38 26 
73 77 63 90 81 89 95 34 97 54 47 97 74 7 12 3 6 98 44 86 12 86 63 59 28 24 94 50 41 51 43 52 37 72 11 79 96 62 71 85 37 15 76 76 31 5 83 84 37 86 34 37 47 89 61 21 71 38 93 24 85 78 60 11 0 44 83 52 62 17 75 73 99 21 52 1 95 96 33 34 0 95 67 85 97 44 26 77 74 97 99 43 9 93 68 83 2 61 30 15 
92 41 97 91 1 49 44 51 58 49 99 21 58 49 87 90 38 97 74 41 79 69 36 48 64 22 31 65 35 4 88 82 48 7 79 10 83 94 95 90 65 14 36 65 27 88 55 96 55 79 5 47 48 7 76 26 18 41 25 0 40 4 9 60 44 33 48 90 95 0 5 99 39 25 80 7 39 36 46 96 54 2 4 77 28 46 76 49 56 40 15 84 40 77 61 62 12 61 77 40 
7 28 22 76 56 65 19 61 78 66 56 1 25 62 70 34 11 6 43 41 44 29 80 30 75 88 65 58 62 42 24 47 74 20 43 67 44 3 25 37 41 69 61 35 39 40 51 95 78 55 97 7 68 35 48 64 37 51 20 66 60 48 31 55 96 74 51 71 12 53 51 51 11 18 22 43 17 99 16 98 20 82 15 2 28 98 99 0 99 32 46 89 85 36 57 88 61 98 74 1 
51 53 0 41 88 35 82 52 97 83 48 22 85 86 15 66 74 79 62 34 52 78 80 76 2 41 11 87 74 54 96 88 5 50 28 61 53 94 33 2 69 57 79 67 33 55 7 87 76 84 15 8 36 90 4 97 57 87 15 42 18 20 13 11 66 45 40 14 37 86 55 89 73 99 25 85 9 57 46 37 49 7 89 20 75 14 88 2 12 42 47 95 65 55 74 37 11 56 86 89 
24 51 41 89 59 7 22 73 40 45 5 73 29 24 61 81 10 16 20 62 82 31 30 6 68 71 10 11 99 17 8 52 46 78 34 95 37 60 19 14 6 22 38 2 1 25 28 87 32 11 98 58 31 57 73 45 30 96 70 31 38 11 57 61 52 74 62 50 94 55 47 8 67 40 55 77 31 20 35 82 13 64 76 27 72 40 34 6 35 75 16 12 88 39 6 83 40 95 33 14 
34 3 27 3 68 35 44 36 37 68 13 95 46 90 57 22 0 52 55 28 55 99 98 82 26 83 74 74 60 49 76 96 13 36 21 68 4 60 43 5 55 77 7 5 69 52 57 74 31 81 28 71 42 16 79 25 43 13 33 3 44 92 1 91 36 98 15 50 19 49 10 55 99 40 43 40 8 37 81 72 61 0 59 76 1 51 7 70 83 12 35 57 6 65 3 6 58 85 8 49 
9 57 84 6 7 32 71 81 2 38 11 14 3 28 10 65 83 83 15 64 38 13 20 72 80 91 55 72 19 14 16 81 51 85 53 67 62 13 18 18 44 73 85 86 87 38 51 48 92 4 50 71 17 66 41 36 81 43 23 94 72 44 8 47 39 87 25 25 64 55 64 1 4 5 55 23 27 16 45 17 81 94 8 40 47 5 69 54 41 43 45 34 23 55 30 94 88 97 57 20 
66 54 70 58 76 18 55 78 87 36 65 42 52 45 5 65 36 82 24 77 77 33 52 3 94 79 52 22 55 1 20 72 66 83 51 99 99 8 71 17 45 17 69 85 59 38 5 64 12 63 11 77 52 36 53 25 24 93 58 47 54 71 70 58 18 69 67 54 98 92 6 58 67 31 99 53 74 64 57 64 48 98 16 6 50 92 41 45 34 96 10 38 11 89 15 28 22 20 30 34 
11 1 76 4 32 99 14 2 79 67 92 50 7 21 13 69 3 58 61 21 62 64 30 74 72 61 76 92 28 29 5 67 32 83 85 40 5 60 19 41 12 44 91 48 61 51 85 85 60 41 72 99 30 98 13 55 1 70 60 38 38 3 3 1 1 70 18 32 96 34 44 61 28 37 16 8 6 85 41 26 19 29 87 3 78 72 79 66 4 21 91 36 3 2 20 29 72 11 78 34 
39 93 60 70 95 8 85 94 83 9 64 76 30 30 96 11 60 20 61 37 47 64 74 12 55 2 68 62 55 37 49 13 77 58 27 24 65 1 29 52 51 89 93 76 25 0 45 49 14 54 73 18 5 37 63 69 83 27 76 32 72 96 0 54 10 68 85 99 43 42 60 80 86 12 51 76 18 48 61 92 63 36 18 44 75 91 68 63 17 54 91 48 34 21 50 23 51 75 95 20 
16 77 11 93 48 7 39 15 11 61 21 36 11 80 45 96 67 31 44 67 43 6 41 73 94 26 67 42 95 87 64 94 84 33 29 19 14 96 79 46 83 16 83 22 46 81 19 72 43 39 96 4 97 95 6 19 62 9 3 78 58 57 48 46 4 54 46 74 75 41 42 38 34 99 61 76 9 19 25 58 14 21 14 78 93 78 47 14 93 53 94 48 0 87 59 82 42 1 42 23 
7 97 48 80 81 52 46 44 19 58 62 85 9 28 72 13 1 98 10 2 63 55 93 86 38 4 86 28 20 52 18 45 70 61 1 7 55 66 83 18 16 43 82 2 70 97 26 46 4 79 25 16 28 97 67 46 34 41 72 91 74 33 16 4 73 19 90 8 72 45 98 40 89 5 82 75 95 78 46 68 38 97 72 63 29 13 68 95 34 55 41 63 22 91 6 48 43 38 18 85 
96 82 69 4 8 56 81 22 27 77 26 51 20 44 45 7 89 14 33 18 70 83 1 17 70 51 68 74 20 34 73 92 43 15 23 53 63 93 43 6 62 77 69 15 16 97 90 61 16 69 45 49 20 48 13 11 69 92 64 29 32 7 24 32 14 3 37 79 25 94 20 80 77 14 31 68 80 79 70 19 34 57 8 74 50 19 48 87 23 74 12 45 56 10 61 94 24 83 37 95 
51 89 12 6 99 9 20 99 12 34 98 59 84 77 6 60 71 18 34 37 85 41 7 35 83 74 86 12 38 80 1 23 75 93 68 38 8 65 25 79 94 55 68 44 89 12 75 28 16 51 43 99 89 21 65 61 21 51 55 8 2 35 88 77 91 35 55 72 32 98 53 33 96 81 94 19 57 91 68 8 27 37 4 67 93 59 83 41 98 41 70 85 86 35 11 49 67 26 89 58 
48 80 24 63 1 40 3 79 44 32 52 22 6 48 88 80 28 14 44 2 91 29 53 31 37 24 28 81 93 98 39 30 51 96 46 27 77 40 11 36 59 66 79 37 64 41 55 98 19 66 76 29 23 14 75 15 55 55 17 67 7 95 52 2 53 81 76 96 77 5 11 86 57 73 86 38 97 51 13 26 65 8 63 81 6 80 56 92 53 71 37 50 32 81 96 77 14 55 53 94 
99 80 82 5 14 85 23 59 22 34 55 91 54 82 2 41 64 27 0 30 65 60 1 22 4 37 19 0 15 22 65 26 61 88 88 26 87 19 28 86 98 94 20 33 54 86 39 8 74 8 96 17 73 30 67 96 79 90 58 41 47 99 21 47 67 74 41 56 14 6 17 54 9 20 68 8 21 96 8 27 95 86 79 90 77 38 13 94 98 88 59 47 90 89 75 97 31 92 70 27 
21 26 60 80 15 15 7 92 56 38 57 96 3 49 5 4 91 54 66 30 80 27 24 50 72 12 33 96 23 56 86 84 83 79 43 98 65 35 62 78 46 58 48 62 90 93 11 27 81 73 70 96 97 20 5 2 38 36 86 53 26 21 53 53 89 14 33 62 21 16 8 37 27 51 31 57 1 7 51 79 62 32 18 34 6 30 64 0 15 82 39 54 8 31 83 16 45 62 82 39 
34 83 69 30 20 25 69 25 59 54 95 33 34 20 53 38 9 37 87 63 83 85 82 42 54 11 73 32 45 3 95 14 61 70 53 95 27 77 10 35 8 86 67 8 46 14 71 83 32 70 41 87 34 29 21 2 62 3 33 82 60 38 86 21 87 67 21 26 34 49 87 30 8 3 33 40 29 1 80 65 10 7 74 24 81 86 48 7 54 33 94 93 15 13 61 46 73 46 12 94 
45 3 79 10 0 22 83 49 67 89 41 24 0 14 55 39 18 41 97 14 30 9 1 77 16 94 4 56 34 25 86 59 46 51 86 88 79 78 88 40 56 35 33 57 41 3 30 15 91 29 30 94 72 57 83 30 89 64 49 4 67 46 84 30 7 51 52 94 85 87 68 99 81 78 80 71 84 36 37 52 28 38 82 72 82 19 53 96 42 20 18 24 50 28 28 61 47 17 46 42 
78 17 59 96 72 10 26 58 40 27 24 98 39 0 45 50 79 54 74 72 61 44 10 66 49 44 64 62 2 8 14 31 3 17 86 87 79 67 68 99 26 71 57 86 86 72 91 86 95 70 23 1 24 34 77 1 75 12 15 93 60 68 87 74 83 90 16 38 70 10 13 17 84 16 54 67 48 52 77 51 83 28 98 47 86 5 23 46 60 74 90 24 58 25 46 1 62 16 5 7 
23 77 89 88 33 90 46 5 18 31 42 69 9 66 9 23 55 58 65 35 17 81 79 49 79 24 88 94 32 99 22 61 72 58 40 40 13 74 17 84 42 74 42 45 59 46 55 19 55 3 6 86 9 73 92 7 95 92 30 17 70 88 89 89 0 61 27 17 12 63 36 37 14 3 17 34 33 44 12 53 27 10 98 2 84 71 20 58 27 73 35 48 35 50 44 93 39 8 25 44 
3 37 18 79 13 84 56 8 49 50 45 16 94 91 10 68 70 14 4 75 10 28 52 21 35 1 7 27 70 73 62 64 73 61 95 78 0 40 66 91 41 6 97 89 64 12 93 50 84 54 70 17 27 68 43 15 30 77 16 62 60 79 82 5 94 77 51 14 53 4 35 88 60 7 0 67 93 55 83 2 84 63 92 56 21 21 58 94 65 95 57 18 57 66 46 76 55 19 86 88 
66 97 3 85 6 25 30 94 90 51 64 23 57 98 61 52 73 63 28 6 63 54 69 32 93 91 29 36 94 98 17 83 18 20 27 60 32 21 20 66 78 16 72 33 28 62 22 45 57 22 33 48 0 6 4 23 16 61 27 97 33 43 11 31 69 60 14 65 4 69 45 27 97 46 28 33 78 43 29 60 88 43 6 67 36 83 2 63 95 32 48 15 11 69 84 49 32 86 84 6 
8 95 37 74 39 26 31 74 72 77 92 4 6 53 94 27 16 70 16 4 77 12 89 70 17 36 37 67 2 84 46 73 44 43 40 86 77 19 1 92 89 88 70 70 64 64 93 76 63 34 17 51 27 90 57 55 54 60 17 39 23 56 54 37 62 3 19 23 34 41 75 71 94 81 4 96 96 69 87 11 53 91 25 23 27 4 80 45 77 1 28 60 55 21 50 54 64 17 17 98 
18 56 68 12 97 75 52 76 56 78 72 47 46 9 45 24 43 48 2 0 61 8 82 83 11 16 21 97 1 44 30 5 53 13 84 34 32 11 56 17 15 21 97 12 19 73 63 42 58 94 84 65 59 76 84 38 86 59 8 89 41 60 38 58 48 11 75 5 10 39 8 75 26 74 93 23 63 82 85 46 36 64 69 31 9 17 12 43 24 20 34 34 1 58 37 85 90 30 77 9 
63 1 82 59 24 31 9 74 22 20 98 23 62 32 17 42 34 95 4 97 53 18 2 88 15 13 40 64 55 70 7 83 4 84 36 27 29 70 39 15 88 87 39 77 98 89 72 90 6 91 40 49 18 22 7 24 1 81 74 57 68 12 36 10 28 24 12 53 77 86 1 9 70 36 95 60 95 7 95 87 45 0 22 97 14 18 18 65 95 74 20 75 99 55 80 58 51 46 37 29 
56 55 58 5 95 30 38 13 18 79 29 58 24 34 32 59 85 76 93 47 11 16 72 14 10 47 44 79 1 17 16 61 35 5 26 66 71 89 20 18 16 8 34 46 66 58 37 34 59 47 3 62 87 84 44 54 4 85 10 42 27 29 43 75 33 81 2 4 58 13 81 82 22 18 54 79 7 82 53 39 49 68 72 14 38 1 99 88 42 19 48 98 55 50 24 78 86 10 33 51 
33 19 6 90 51 17 50 66 72 72 49 5 14 57 72 28 0 11 14 63 94 47 46 47 72 69 54 94 83 36 51 55 87 6 2 79 35 62 64 66 95 40 71 15 34 52 28 39 90 7 19 7 54 52 2 9 35 93 38 32 58 20 36 13 96 94 53 38 23 91 59 91 2 48 89 4 69 36 11 40 42 28 60 65 61 63 38 85 93 6 2 83 65 41 89 40 52 47 0 2 
14 62 76 97 28 10 19 85 32 81 77 65 6 2 0 31 40 30 53 26 11 48 21 87 8 23 20 64 68 18 93 60 56 83 45 64 66 21 59 92 49 72 66 8 54 37 83 87 30 51 67 68 68 8 87 68 37 14 31 1 67 6 6 78 49 8 72 85 51 29 27 8 35 44 35 40 64 57 6 25 54 42 17 27 61 88 40 34 58 38 2 48 57 63 26 46 42 47 56 35 
70 30 90 33 79 17 23 81 42 7 16 91 23 33 85 40 36 79 9 46 90 76 95 20 34 53 90 35 65 87 70 74 66 69 64 15 30 59 18 72 3 78 73 15 90 74 9 58 91 82 97 7 1 87 28 45 39 97 53 98 36 36 75 79 24 77 82 87 49 91 97 36 83 10 57 8 33 96 41 49 5 54 32 78 79 83 64 40 31 26 83 69 55 83 16 76 18 66 95 0 
47 16 10 77 99 32 97 98 39 79 15 97 74 68 22 65 61 57 51 99 86 92 36 38 68 71 20 75 3 33 35 18 85 50 35 51 17 51 40 97 16 91 17 71 15 75 92 94 66 19 86 72 64 28 16 8 41 20 96 4 15 56 86 57 41 65 27 31 23 59 14 34 56 45 82 90 55 48 49 4 30 99 52 22 74 84 12 99 25 70 38 37 10 33 48 86 77 46 91 71 
53 64 31 88 32 8 30 54 42 41 53 87 74 73 45 98 43 62 59 48 16 82 24 36 29 11 70 52 36 28 50 13 53 26 20 87 35 60 61 47 72 60 44 52 33 35 13 94 11 45 77 42 99 90 13 76 59 51 87 55 83 99 11 45 29 54 95 44 5 65 28 74 94 92 15 21 27 31 89 60 6 66 7 85 5 88 18 85 4 68 47 43 92 59 97 37 96 39 50 85 
66 8 66 50 34 41 73 4 92 20 19 60 5 43 67 29 82 84 29 4 53 22 51 85 93 29 13 47 90 57 33 24 59 52 95 11 11 96 10 25 48 46 69 40 31 10 63 79 30 64 92 27 12 29 50 28 65 12 49 46 60 69 38 57 75 13 16 41 50 28 2 90 0 5 19 98 28 50 46 22 97 70 66 32 35 49 8 72 0 24 12 90 8 46 11 94 86 87 48 77 
0 25 6 93 99 74 67 81 56 64 25 26 16 25 64 11 29 31 9 33 79 5 58 20 84 84 15 65 16 91 59 34 26 91 65 5 81 12 27 53 24 34 83 15 2 37 76 6 15 70 21 12 29 72 91 55 92 23 95 13 42 24 1 16 39 15 35 86 67 99 66 94 91 98 92 90 56 95 48 79 96 46 61 24 26 28 4 3 46 56 13 2 19 66 42 7 4 68 92 45 
59 96 28 37 33 35 40 38 24 38 7 5 63 55 60 33 34 25 68 52 16 57 51 44 87 18 71 76 99 70 29 37 11 78 82 61 42 50 31 63 40 58 30 12 87 10 3 91 98 99 71 75 17 20 68 0 71 58 19 6 90 93 53 70 26 41 39 30 63 89 86 53 51 27 43 41 57 42 88 31 45 3 89 27 53 21 44 49 77 20 74 33 56 26 88 36 57 61 31 24 
19 22 8 77 25 2 24 86 11 27 1 68 19 39 43 80 41 82 76 19 63 51 37 41 61 39 78 75 7 34 6 76 54 32 85 21 43 57 32 25 36 66 73 34 48 94 40 58 47 49 75 23 4 52 94 67 18 54 12 80 28 5 97 65 28 20 89 23 4 14 80 50 40 1 56 14 45 69 68 65 57 45 5 87 89 69 79 26 90 11 1 58 24 65 82 87 82 68 5 39 
24 49 58 71 43 98 15 38 5 17 36 90 39 46 10 93 92 68 80 22 25 60 33 34 15 94 28 59 11 46 40 35 67 16 12 14 50 69 32 24 36 75 62 40 7 45 87 69 71 96 95 39 19 75 20 46 70 53 48 43 55 1 46 33 49 89 37 22 84 76 77 3 70 94 24 4 67 16 15 25 33 54 14 78 53 11 51 56 76 16 7 53 42 38 28 4 71 59 74 55 
49 33 98 28 16 79 9 52 34 53 90 91 35 89 68 26 22 5 37 35 69 49 86 88 13 35 73 1 80 66 17 58 2 3 61 93 37 12 58 10 8 64 56 78 83 64 45 47 42 11 66 43 70 28 84 61 63 30 84 94 8 99 12 21 45 98 84 52 77 99 25 13 42 7 10 82 71 98 14 97 41 3 83 21 13 11 82 35 32 6 52 37 40 65 50 22 36 14 66 4 
96 23 52 85 2 24 98 15 70 52 57 41 99 32 10 23 20 44 42 58 80 64 10 33 71 88 43 89 46 0 91 30 7 57 27 67 74 42 83 38 5 44 80 66 81 6 57 95 27 90 82 94 84 86 16 71 85 40 84 96 96 83 92 28 4 83 88 46 26 1 10 98 83 5 35 4 34 10 15 61 52 89 97 91 3 6 37 17 82 46 16 5 93 11 52 84 34 39 61 94 
72 30 40 55 59 83 20 43 87 51 93 91 33 6 3 46 45 43 97 29 43 12 35 91 89 45 71 97 54 76 17 67 18 99 22 22 44 42 57 16 54 49 49 47 89 15 65 6 38 30 32 74 98 28 49 14 92 99 65 16 13 99 12 38 11 6 15 94 27 99 13 42 65 76 57 36 24 46 30 67 23 49 63 8 1 34 19 19 22 3 2 72 36 58 54 61 19 23 68 14 
